[2025-04-15 16:16:55,269] ⏱️ 本加载单元运行耗时：92.33 秒
[2025-04-15 16:16:55,269] >>> 缺失值单元开始
[2025-04-15 16:17:22,280] 存在缺失值的行数: 0，占比: 0.00%
[2025-04-15 16:17:22,280] ⏱️ 本缺失值单元运行耗时：27.01 秒
[2025-04-15 16:17:22,280] 跳过单元剔除
[2025-04-15 16:17:22,280] >>> 异常值单元开始
[2025-04-15 16:17:25,451] age 异常值数量：0，占比：0.00%
[2025-04-15 16:17:28,807] income 异常值数量：0，占比：0.00%
[2025-04-15 16:17:31,899] credit_score 异常值数量：0，占比：0.00%
[2025-04-15 16:17:31,900] ⏱️  异常值本单元运行耗时：9.62 秒
[2025-04-15 16:17:31,900] >>> 清洗数据单元开始
[2025-04-15 16:18:04,226] 清洗数据：删除了 0 条记录，占总数 0.00%
[2025-04-15 16:18:04,226] ⏱️本单元运行耗时：32.33 秒
[2025-04-15 16:18:04,226] >>> 年龄统计单元开始
[2025-04-15 16:18:04,629] 各年龄用户数统计：
[2025-04-15 16:18:04,629] age
18     1200250
19     1202750
20     1208500
21     1209500
22     1199000
        ...   
96     1209625
97     1211625
98     1200750
99     1194750
100    1195750
Name: count, Length: 83, dtype: int64
[2025-04-15 16:18:05,180] ⏱️ 本单元运行耗时：0.95 秒
[2025-04-15 16:18:05,181] >>> 收入,信用评分单元开始
[2025-04-15 16:18:08,569] 各收入区间人数：
[2025-04-15 16:18:08,570] income_range
0-10w        10050250
10w-30w      19976000
30w-50w      20069625
50w-70w      19907375
70w-100w+    29894875
Name: count, dtype: int64
[2025-04-15 16:18:11,109] 各信用评分区间人数：
[2025-04-15 16:18:11,109] credit_range
低（0-400）       18074125
中低（400-600）    36394000
中高（600-800）    36295375
高（800以上）        9236500
Name: count, dtype: int64
[2025-04-15 16:18:11,110] 平均收入：499354.66
[2025-04-15 16:18:11,110] 平均信用评分：575.11
[2025-04-15 17:03:30,204] ⏱️ 本单元运行耗时：2725.02 秒
[2025-04-15 17:03:30,204] >>> 国家统计单元开始
[2025-04-15 17:03:39,634] ⏱️ 本单元运行耗时：9.43 秒
[2025-04-15 17:03:39,634] >>> 年龄收入单元开始
[2025-04-15 17:50:38,479] ⏱️ 本单元运行耗时：2818.84 秒
[2025-04-15 17:50:38,480] >>> 用户画像单元开始
[2025-04-15 17:50:54,074] 用户画像：
[2025-04-15 17:50:54,074] purchase_category                    书籍        家居        服装      电子产品        食品  total
age_group income_level gender                                                         
青年        低收入          其他      0.194932  0.185185  0.192982  0.218324  0.208577    1.0
                       女       0.201298  0.198974  0.200176  0.199535  0.200016    1.0
                       未指定     0.208748  0.172962  0.182903  0.220676  0.214712    1.0
                       男       0.200909  0.197987  0.195552  0.203020  0.202533    1.0
          中收入          其他      0.209125  0.184411  0.176806  0.212928  0.216730    1.0
                       女       0.194029  0.201392  0.204547  0.205356  0.194676    1.0
                       未指定     0.191532  0.153226  0.229839  0.221774  0.203629    1.0
                       男       0.193920  0.202064  0.196420  0.202790  0.204806    1.0
          高收入          其他      0.223684  0.212406  0.172932  0.189850  0.201128    1.0
                       女       0.200341  0.197013  0.201315  0.202857  0.198474    1.0
                       未指定     0.207171  0.207171  0.221116  0.181275  0.183267    1.0
                       男       0.200873  0.196590  0.197908  0.199391  0.205238    1.0
中年        低收入          其他      0.213788  0.203718  0.181255  0.199070  0.202169    1.0
                       女       0.202458  0.197972  0.200410  0.199597  0.199564    1.0
                       未指定     0.199067  0.200622  0.211509  0.205288  0.183515    1.0
                       男       0.199547  0.200712  0.196084  0.203334  0.200324    1.0
          中收入          其他      0.180302  0.214456  0.219222  0.193805  0.192216    1.0
                       女       0.198702  0.198735  0.203512  0.199064  0.199987    1.0
                       未指定     0.203953  0.222925  0.190514  0.190514  0.192095    1.0
                       男       0.198547  0.200613  0.201937  0.202518  0.196385    1.0
          高收入          其他      0.191950  0.202786  0.188080  0.216718  0.200464    1.0
                       女       0.202060  0.201800  0.201702  0.197674  0.196764    1.0
                       未指定     0.208160  0.213988  0.211490  0.181515  0.184846    1.0
                       男       0.201479  0.195317  0.201965  0.202290  0.198949    1.0
中老年       低收入          其他      0.211774  0.203364  0.191896  0.185780  0.207187    1.0
                       女       0.202633  0.198612  0.198774  0.200558  0.199423    1.0
                       未指定     0.194277  0.180723  0.215361  0.206325  0.203313    1.0
                       男       0.201366  0.200110  0.203073  0.200077  0.195374    1.0
          中收入          其他      0.208204  0.201238  0.199690  0.191950  0.198916    1.0
                       女       0.198972  0.203590  0.198062  0.201704  0.197671    1.0
                       未指定     0.196415  0.207618  0.206871  0.185960  0.203137    1.0
                       男       0.197991  0.200704  0.201382  0.199154  0.200769    1.0
          高收入          其他      0.208199  0.196945  0.191318  0.200965  0.202572    1.0
                       女       0.197131  0.196417  0.204271  0.200247  0.201934    1.0
                       未指定     0.193774  0.207004  0.192218  0.210895  0.196109    1.0
                       男       0.204346  0.202805  0.195070  0.199082  0.198697    1.0
老年        低收入          其他      0.209865  0.202691  0.199552  0.195067  0.192825    1.0
                       女       0.201437  0.201713  0.199024  0.197273  0.200553    1.0
                       未指定     0.193043  0.183478  0.216522  0.203478  0.203478    1.0
                       男       0.198909  0.201868  0.198539  0.199075  0.201609    1.0
          中收入          其他      0.188267  0.215553  0.201910  0.199636  0.194634    1.0
                       女       0.198276  0.201348  0.200864  0.200752  0.198760    1.0
                       未指定     0.183719  0.208630  0.221975  0.194840  0.190836    1.0
                       男       0.200897  0.196561  0.199044  0.201879  0.201619    1.0
          高收入          其他      0.205357  0.179911  0.204911  0.211607  0.198214    1.0
                       女       0.198551  0.201041  0.200629  0.200554  0.199225    1.0
                       未指定     0.207676  0.209808  0.189765  0.193177  0.199574    1.0
                       男       0.199547  0.198131  0.200099  0.200964  0.201258    1.0
[2025-04-15 17:50:54,092] purchase_category                    书籍        家居        服装      电子产品        食品  total
age_group income_level gender                                                         
青年        低收入          其他      0.194932  0.185185  0.192982  0.218324  0.208577    1.0
                       女       0.201298  0.198974  0.200176  0.199535  0.200016    1.0
                       未指定     0.208748  0.172962  0.182903  0.220676  0.214712    1.0
                       男       0.200909  0.197987  0.195552  0.203020  0.202533    1.0
          中收入          其他      0.209125  0.184411  0.176806  0.212928  0.216730    1.0
[2025-04-15 17:50:54,104] ⏱️ 本单元运行耗时：15.62 秒
[2025-04-15 17:50:54,104] >>> 性别、年龄购买偏好单元开始
[2025-04-15 18:38:31,996] 各性别用户购买偏好：
[2025-04-15 18:38:31,996] purchase_category        书籍        家居        服装      电子产品        食品
gender                                                             
其他                 0.202625  0.200929  0.196660  0.200615  0.199171
女                  0.199779  0.200262  0.200803  0.199954  0.199202
未指定                0.197664  0.200708  0.207231  0.198037  0.196360
男                  0.200035  0.199435  0.199310  0.200954  0.200266
[2025-04-15 18:38:39,879] 各年龄段用户购买偏好：
[2025-04-15 18:38:39,880] purchase_category        书籍        家居        服装      电子产品        食品
age_group                                                          
青年                 0.198853  0.198503  0.199178  0.202369  0.201097
中年                 0.200429  0.199607  0.200897  0.200647  0.198420
中老年                0.200479  0.200339  0.200086  0.200003  0.199093
老年                 0.199545  0.200102  0.199939  0.200060  0.200354
[2025-04-15 18:38:53,466] 不同年龄+性别组合的购买偏好：
[2025-04-15 18:38:53,467] purchase_category        书籍        家居        服装      电子产品        食品
age_group gender                                                   
青年        其他       0.209421  0.194144  0.180777  0.206875  0.208784
          女        0.198563  0.199128  0.202008  0.202573  0.197729
          未指定      0.202532  0.177881  0.211193  0.207861  0.200533
          男        0.198546  0.198899  0.196620  0.201747  0.204188
中年        其他       0.195471  0.206923  0.195992  0.203280  0.198334
[2025-04-15 18:38:54,404] ⏱️ 本单元运行耗时：2880.30 秒
[2025-04-15 18:38:54,404] >>> 积分,年龄收入单元开始
[2025-04-15 18:38:57,403] ⏱️ 本单元运行耗时：3.00 秒
[2025-04-15 18:38:57,403] >>> 单元开始
[2025-04-15 18:38:57,404] ⏱️ 本单元运行耗时：0.00 秒
[2025-04-16 15:33:46,122] >>> 批量处理开始
[2025-04-16 15:33:46,122] 当前内存使用：23.94 GB
[2025-04-16 15:33:46,122] === 开始处理文件 /media/sdb/zhurongjiang/Data_mining/10G_data/part-00000.parquet ===
[2025-04-16 15:33:57,501] 缺失值行数: 0, 占比: 0.00%
[2025-04-16 15:33:57,501] ⏱️ 缺失值分析 本单元运行耗时：3.72 秒
[2025-04-16 15:54:32,873] ⏱️ 省市合法性过滤 本单元运行耗时：1235.37 秒
[2025-04-16 15:54:32,886] age 异常值数量：0 占比：0.00%
[2025-04-16 15:54:32,896] income 异常值数量：0 占比：0.00%
[2025-04-16 15:54:32,907] credit_score 异常值数量：0 占比：0.00%
[2025-04-16 15:54:32,907] ⏱️ 异常值检测 本单元运行耗时：0.03 秒
[2025-04-16 15:54:32,962] 清洗记录数：0, 占比：0.00%
[2025-04-16 15:54:32,962] ⏱️ 数据清洗 本单元运行耗时：0.06 秒
[2025-04-16 15:54:32,966] ⏱️ 年龄统计 本单元运行耗时：0.00 秒
[2025-04-16 15:54:32,978] ⏱️ 收入信用评分 本单元运行耗时：0.01 秒
[2025-04-16 15:54:32,989] ⏱️ 国家统计 本单元运行耗时：0.01 秒
[2025-04-16 15:54:42,539] ⏱️ 用户画像 本单元运行耗时：9.55 秒
[2025-04-16 15:54:42,539] >>> 性别、年龄购买偏好单元开始
[2025-04-16 15:54:42,575] 各性别用户购买偏好：
[2025-04-16 15:54:42,575] purchase_category        书籍        家居        服装      电子产品        食品
gender                                                             
其他                 0.301887  0.207547  0.132075  0.169811  0.188679
女                  0.189417  0.202454  0.199387  0.213957  0.194785
未指定                0.264151  0.207547  0.169811  0.226415  0.132075
男                  0.188060  0.195522  0.208209  0.211194  0.197015
[2025-04-16 15:54:42,941] 各年龄段用户购买偏好：
[2025-04-16 15:54:42,941] purchase_category        书籍        家居        服装      电子产品        食品
age_group                                                          
青年                 0.185328  0.189189  0.185328  0.216216  0.223938
中年                 0.194074  0.189630  0.174815  0.237037  0.204444
中老年                0.214286  0.178571  0.233631  0.199405  0.174107
老年                 0.180070  0.219406  0.202797  0.203671  0.194056
[2025-04-16 15:54:43,149] 年龄+性别组合购买偏好（部分预览）：
[2025-04-16 15:54:43,149] purchase_category        书籍        家居        服装      电子产品        食品
age_group gender                                                   
青年        其他       0.600000  0.000000  0.000000  0.200000  0.200000
          女        0.203540  0.176991  0.194690  0.168142  0.256637
          未指定      0.000000  0.400000  0.000000  0.400000  0.200000
          男        0.161765  0.198529  0.191176  0.250000  0.198529
中年        其他       0.200000  0.200000  0.000000  0.300000  0.300000
[2025-04-16 15:54:43,803] ⏱️ 购买偏好分析 本单元运行耗时：1.26 秒
[2025-04-16 15:54:43,803] ✅ 文件 1 处理完成，总耗时：1257.68 秒
[2025-04-16 15:54:46,641] 当前内存使用：107.67 GB
[2025-04-16 15:54:46,641] === 开始处理文件 /media/sdb/zhurongjiang/Data_mining/10G_data/part-00001.parquet ===
[2025-04-16 15:54:58,400] 缺失值行数: 0, 占比: 0.00%
[2025-04-16 15:54:58,400] ⏱️ 缺失值分析 本单元运行耗时：4.27 秒
[2025-04-16 15:56:33,701] >>> 批量处理开始
[2025-04-16 15:56:33,702] 当前内存使用：62.75 GB
[2025-04-16 15:56:33,702] === 开始处理文件 /media/sdb/zhurongjiang/Data_mining/10G_data/part-00000.parquet ===
[2025-04-16 15:56:45,935] 缺失值行数: 0, 占比: 0.00%
[2025-04-16 15:56:45,935] ⏱️ 缺失值分析 本单元运行耗时：4.14 秒
[2025-04-16 15:56:46,326] age 异常值数量：0 占比：0.00%
[2025-04-16 15:56:46,742] income 异常值数量：0 占比：0.00%
[2025-04-16 15:56:47,108] credit_score 异常值数量：0 占比：0.00%
[2025-04-16 15:56:47,108] ⏱️ 异常值检测 本单元运行耗时：1.17 秒
[2025-04-16 15:56:48,383] 清洗记录数：0, 占比：0.00%
[2025-04-16 15:56:48,383] ⏱️ 数据清洗 本单元运行耗时：1.28 秒
[2025-04-16 15:56:48,443] ⏱️ 年龄统计 本单元运行耗时：0.06 秒
[2025-04-16 15:56:49,093] ⏱️ 收入信用评分 本单元运行耗时：0.65 秒
[2025-04-16 15:56:49,463] ⏱️ 国家统计 本单元运行耗时：0.37 秒
[2025-04-16 16:02:40,173] ⏱️ 用户画像 本单元运行耗时：350.71 秒
[2025-04-16 16:02:40,174] >>> 性别、年龄购买偏好单元开始
[2025-04-16 16:02:41,552] 各性别用户购买偏好：
[2025-04-16 16:02:41,552] purchase_category        书籍        家居        服装      电子产品        食品
gender                                                             
其他                 0.190809  0.210789  0.197303  0.198801  0.202298
女                  0.200038  0.199954  0.198016  0.199475  0.202517
未指定                0.202577  0.211340  0.197938  0.203608  0.184536
男                  0.202571  0.196913  0.198161  0.201386  0.200969
[2025-04-16 16:02:42,984] 各年龄段用户购买偏好：
[2025-04-16 16:02:42,984] purchase_category        书籍        家居        服装      电子产品        食品
age_group                                                          
青年                 0.202615  0.192937  0.191393  0.210131  0.202924
中年                 0.201391  0.197393  0.201391  0.201682  0.198143
中老年                0.203055  0.198102  0.199975  0.197144  0.201723
老年                 0.199522  0.201652  0.196634  0.199427  0.202764
[2025-04-16 16:02:44,812] 年龄+性别组合购买偏好（部分预览）：
[2025-04-16 16:02:44,813] purchase_category        书籍        家居        服装      电子产品        食品
age_group gender                                                   
青年        其他       0.200000  0.200000  0.209524  0.180952  0.209524
          女        0.196780  0.193391  0.197204  0.210972  0.201652
          未指定      0.250000  0.168478  0.190217  0.239130  0.152174
          男        0.206829  0.193127  0.184645  0.209439  0.205959
中年        其他       0.211991  0.235546  0.169165  0.201285  0.182013
[2025-04-16 16:02:45,492] ⏱️ 购买偏好分析 本单元运行耗时：5.32 秒
[2025-04-16 16:02:45,492] ✅ 文件 1 处理完成，总耗时：371.79 秒
[2025-04-16 16:02:46,478] 当前内存使用：67.44 GB
[2025-04-16 16:02:46,478] === 开始处理文件 /media/sdb/zhurongjiang/Data_mining/10G_data/part-00001.parquet ===
[2025-04-16 16:02:58,220] 缺失值行数: 0, 占比: 0.00%
[2025-04-16 16:02:58,220] ⏱️ 缺失值分析 本单元运行耗时：3.89 秒
[2025-04-16 16:02:58,658] age 异常值数量：0 占比：0.00%
[2025-04-16 16:02:59,126] income 异常值数量：0 占比：0.00%
[2025-04-16 16:02:59,602] credit_score 异常值数量：0 占比：0.00%
[2025-04-16 16:02:59,602] ⏱️ 异常值检测 本单元运行耗时：1.38 秒
[2025-04-16 16:03:01,483] 清洗记录数：0, 占比：0.00%
[2025-04-16 16:03:01,483] ⏱️ 数据清洗 本单元运行耗时：1.88 秒
[2025-04-16 16:03:01,538] ⏱️ 年龄统计 本单元运行耗时：0.06 秒
[2025-04-16 16:03:02,193] ⏱️ 收入信用评分 本单元运行耗时：0.65 秒
[2025-04-16 16:03:02,568] ⏱️ 国家统计 本单元运行耗时：0.38 秒
[2025-04-16 16:08:59,939] ⏱️ 用户画像 本单元运行耗时：357.37 秒
[2025-04-16 16:08:59,939] >>> 性别、年龄购买偏好单元开始
[2025-04-16 16:09:01,368] 各性别用户购买偏好：
[2025-04-16 16:09:01,368] purchase_category        书籍        家居        服装      电子产品        食品
gender                                                             
其他                 0.207311  0.195794  0.195794  0.200300  0.200801
女                  0.199510  0.201401  0.201214  0.199343  0.198533
未指定                0.189045  0.216190  0.206011  0.203102  0.185652
男                  0.198402  0.201246  0.200556  0.200138  0.199657
[2025-04-16 16:09:02,502] 各年龄段用户购买偏好：
[2025-04-16 16:09:02,502] purchase_category        书籍        家居        服装      电子产品        食品
age_group                                                          
青年                 0.197253  0.200845  0.204120  0.196830  0.200951
中年                 0.200483  0.202316  0.203899  0.197817  0.195485
中老年                0.200801  0.204560  0.198240  0.200801  0.195596
老年                 0.197330  0.199480  0.199976  0.201063  0.202150
[2025-04-16 16:09:04,120] 年龄+性别组合购买偏好（部分预览）：
[2025-04-16 16:09:04,120] purchase_category        书籍        家居        服装      电子产品        食品
age_group gender                                                   
青年        其他       0.216080  0.190955  0.165829  0.211055  0.216080
          女        0.198849  0.206377  0.202613  0.193756  0.198406
          未指定      0.177083  0.239583  0.197917  0.197917  0.187500
          男        0.195700  0.194164  0.207547  0.199210  0.203379
中年        其他       0.196078  0.198039  0.219608  0.192157  0.194118
[2025-04-16 16:09:04,747] ⏱️ 购买偏好分析 本单元运行耗时：4.81 秒
[2025-04-16 16:09:04,748] ✅ 文件 2 处理完成，总耗时：378.27 秒
[2025-04-16 16:09:05,573] 当前内存使用：57.17 GB
[2025-04-16 16:09:05,574] === 开始处理文件 /media/sdb/zhurongjiang/Data_mining/10G_data/part-00002.parquet ===
[2025-04-16 16:09:18,947] 缺失值行数: 0, 占比: 0.00%
[2025-04-16 16:09:18,947] ⏱️ 缺失值分析 本单元运行耗时：3.69 秒
[2025-04-16 16:09:19,305] age 异常值数量：0 占比：0.00%
[2025-04-16 16:09:19,745] income 异常值数量：0 占比：0.00%
[2025-04-16 16:09:20,163] credit_score 异常值数量：0 占比：0.00%
[2025-04-16 16:09:20,163] ⏱️ 异常值检测 本单元运行耗时：1.22 秒
[2025-04-16 16:09:21,483] 清洗记录数：0, 占比：0.00%
[2025-04-16 16:09:21,484] ⏱️ 数据清洗 本单元运行耗时：1.32 秒
[2025-04-16 16:09:21,536] ⏱️ 年龄统计 本单元运行耗时：0.05 秒
[2025-04-16 16:09:22,200] ⏱️ 收入信用评分 本单元运行耗时：0.66 秒
[2025-04-16 16:09:22,573] ⏱️ 国家统计 本单元运行耗时：0.37 秒
[2025-04-16 16:15:18,674] ⏱️ 用户画像 本单元运行耗时：356.10 秒
[2025-04-16 16:15:18,674] >>> 性别、年龄购买偏好单元开始
[2025-04-16 16:15:20,062] 各性别用户购买偏好：
[2025-04-16 16:15:20,062] purchase_category        书籍        家居        服装      电子产品        食品
gender                                                             
其他                 0.218107  0.198560  0.185185  0.203704  0.194444
女                  0.199670  0.200192  0.199587  0.203220  0.197332
未指定                0.207051  0.186693  0.211519  0.186197  0.208540
男                  0.201068  0.200154  0.201151  0.199406  0.198222
[2025-04-16 16:15:21,145] 各年龄段用户购买偏好：
[2025-04-16 16:15:21,145] purchase_category        书籍        家居        服装      电子产品        食品
age_group                                                          
青年                 0.191954  0.197388  0.205852  0.198642  0.206165
中年                 0.201899  0.201899  0.199577  0.205507  0.191118
中老年                0.200447  0.198500  0.202601  0.200530  0.197921
老年                 0.202499  0.200057  0.198136  0.199346  0.199962
[2025-04-16 16:15:22,750] 年龄+性别组合购买偏好（部分预览）：
[2025-04-16 16:15:22,750] purchase_category        书籍        家居        服装      电子产品        食品
age_group gender                                                   
青年        其他       0.251309  0.157068  0.209424  0.214660  0.167539
          女        0.191019  0.200000  0.200000  0.199781  0.209200
          未指定      0.170213  0.159574  0.250000  0.202128  0.218085
          男        0.191310  0.198011  0.209684  0.196714  0.204280
中年        其他       0.200426  0.217484  0.196162  0.196162  0.189765
[2025-04-16 16:15:23,380] ⏱️ 购买偏好分析 本单元运行耗时：4.71 秒
[2025-04-16 16:15:23,380] ✅ 文件 3 处理完成，总耗时：377.81 秒
[2025-04-16 16:15:24,173] 当前内存使用：85.79 GB
[2025-04-16 16:15:24,173] === 开始处理文件 /media/sdb/zhurongjiang/Data_mining/10G_data/part-00003.parquet ===
[2025-04-16 16:15:37,221] 缺失值行数: 0, 占比: 0.00%
[2025-04-16 16:15:37,221] ⏱️ 缺失值分析 本单元运行耗时：3.62 秒
[2025-04-16 16:15:37,597] age 异常值数量：0 占比：0.00%
[2025-04-16 16:15:38,007] income 异常值数量：0 占比：0.00%
[2025-04-16 16:15:38,328] credit_score 异常值数量：0 占比：0.00%
[2025-04-16 16:15:38,328] ⏱️ 异常值检测 本单元运行耗时：1.11 秒
[2025-04-16 16:15:39,646] 清洗记录数：0, 占比：0.00%
[2025-04-16 16:15:39,647] ⏱️ 数据清洗 本单元运行耗时：1.32 秒
[2025-04-16 16:15:39,698] ⏱️ 年龄统计 本单元运行耗时：0.05 秒
[2025-04-16 16:15:40,341] ⏱️ 收入信用评分 本单元运行耗时：0.64 秒
[2025-04-16 16:15:40,710] ⏱️ 国家统计 本单元运行耗时：0.37 秒
[2025-04-16 16:21:35,844] ⏱️ 用户画像 本单元运行耗时：355.13 秒
[2025-04-16 16:21:35,845] >>> 性别、年龄购买偏好单元开始
[2025-04-16 16:21:37,217] 各性别用户购买偏好：
[2025-04-16 16:21:37,217] purchase_category        书籍        家居        服装      电子产品        食品
gender                                                             
其他                 0.194708  0.210185  0.192711  0.199700  0.202696
女                  0.198122  0.202534  0.201823  0.197704  0.199816
未指定                0.200830  0.207058  0.205501  0.185781  0.200830
男                  0.198586  0.199395  0.196721  0.201695  0.203602
[2025-04-16 16:21:38,302] 各年龄段用户购买偏好：
[2025-04-16 16:21:38,303] purchase_category        书籍        家居        服装      电子产品        食品
age_group                                                          
青年                 0.194367  0.200994  0.198405  0.208346  0.197888
中年                 0.197662  0.199201  0.196664  0.203195  0.203278
中老年                0.201324  0.203862  0.198868  0.197078  0.198868
老年                 0.197914  0.201012  0.201131  0.196613  0.203330
[2025-04-16 16:21:39,886] 年龄+性别组合购买偏好（部分预览）：
[2025-04-16 16:21:39,886] purchase_category        书籍        家居        服装      电子产品        食品
age_group gender                                                   
青年        其他       0.193548  0.236559  0.139785  0.209677  0.220430
          女        0.201580  0.200512  0.203929  0.210122  0.183857
          未指定      0.184713  0.165605  0.184713  0.242038  0.222930
          男        0.187433  0.201252  0.195638  0.205355  0.210322
中年        其他       0.190751  0.206166  0.196532  0.198459  0.208092
[2025-04-16 16:21:40,602] ⏱️ 购买偏好分析 本单元运行耗时：4.76 秒
[2025-04-16 16:21:40,602] ✅ 文件 4 处理完成，总耗时：376.43 秒
[2025-04-16 16:21:41,373] 当前内存使用：90.30 GB
[2025-04-16 16:21:41,373] === 开始处理文件 /media/sdb/zhurongjiang/Data_mining/10G_data/part-00004.parquet ===
[2025-04-16 16:21:57,109] 缺失值行数: 0, 占比: 0.00%
[2025-04-16 16:21:57,109] ⏱️ 缺失值分析 本单元运行耗时：3.63 秒
[2025-04-16 16:21:57,517] age 异常值数量：0 占比：0.00%
[2025-04-16 16:21:57,911] income 异常值数量：0 占比：0.00%
[2025-04-16 16:21:58,306] credit_score 异常值数量：0 占比：0.00%
[2025-04-16 16:21:58,306] ⏱️ 异常值检测 本单元运行耗时：1.20 秒
[2025-04-16 16:21:59,627] 清洗记录数：0, 占比：0.00%
[2025-04-16 16:21:59,627] ⏱️ 数据清洗 本单元运行耗时：1.32 秒
[2025-04-16 16:21:59,679] ⏱️ 年龄统计 本单元运行耗时：0.05 秒
[2025-04-16 16:22:00,319] ⏱️ 收入信用评分 本单元运行耗时：0.64 秒
[2025-04-16 16:22:00,688] ⏱️ 国家统计 本单元运行耗时：0.37 秒
[2025-04-16 16:27:52,746] ⏱️ 用户画像 本单元运行耗时：352.06 秒
[2025-04-16 16:27:52,746] >>> 性别、年龄购买偏好单元开始
[2025-04-16 16:27:54,065] 各性别用户购买偏好：
[2025-04-16 16:27:54,066] purchase_category        书籍        家居        服装      电子产品        食品
gender                                                             
其他                 0.203125  0.201613  0.196069  0.199597  0.199597
女                  0.201622  0.198662  0.202518  0.200246  0.196952
未指定                0.180894  0.202744  0.215447  0.195122  0.205793
男                  0.198348  0.199347  0.201385  0.201697  0.199222
[2025-04-16 16:27:55,099] 各年龄段用户购买偏好：
[2025-04-16 16:27:55,099] purchase_category        书籍        家居        服装      电子产品        食品
age_group                                                          
青年                 0.202701  0.198442  0.195844  0.200312  0.202701
中年                 0.197221  0.198139  0.206233  0.201727  0.196679
中老年                0.200360  0.199951  0.198600  0.201794  0.199296
老年                 0.199971  0.199376  0.203211  0.199876  0.197566
[2025-04-16 16:27:56,644] 年龄+性别组合购买偏好（部分预览）：
[2025-04-16 16:27:56,644] purchase_category        书籍        家居        服装      电子产品        食品
age_group gender                                                   
青年        其他       0.212871  0.207921  0.178218  0.173267  0.227723
          女        0.201074  0.195918  0.204296  0.201504  0.197207
          未指定      0.235602  0.146597  0.219895  0.183246  0.214660
          男        0.202534  0.202753  0.187022  0.201005  0.206686
中年        其他       0.196937  0.199125  0.212254  0.192560  0.199125
[2025-04-16 16:27:57,265] ⏱️ 购买偏好分析 本单元运行耗时：4.52 秒
[2025-04-16 16:27:57,265] ✅ 文件 5 处理完成，总耗时：375.89 秒
[2025-04-16 16:27:58,032] 当前内存使用：87.88 GB
[2025-04-16 16:27:58,032] === 开始处理文件 /media/sdb/zhurongjiang/Data_mining/10G_data/part-00005.parquet ===
[2025-04-16 16:28:11,008] 缺失值行数: 0, 占比: 0.00%
[2025-04-16 16:28:11,009] ⏱️ 缺失值分析 本单元运行耗时：3.73 秒
[2025-04-16 16:28:11,375] age 异常值数量：0 占比：0.00%
[2025-04-16 16:28:11,783] income 异常值数量：0 占比：0.00%
[2025-04-16 16:28:12,145] credit_score 异常值数量：0 占比：0.00%
[2025-04-16 16:28:12,145] ⏱️ 异常值检测 本单元运行耗时：1.14 秒
[2025-04-16 16:28:13,486] 清洗记录数：0, 占比：0.00%
[2025-04-16 16:28:13,486] ⏱️ 数据清洗 本单元运行耗时：1.34 秒
[2025-04-16 16:28:13,537] ⏱️ 年龄统计 本单元运行耗时：0.05 秒
[2025-04-16 16:28:14,197] ⏱️ 收入信用评分 本单元运行耗时：0.66 秒
[2025-04-16 16:28:14,567] ⏱️ 国家统计 本单元运行耗时：0.37 秒
[2025-04-16 16:34:11,457] ⏱️ 用户画像 本单元运行耗时：356.89 秒
[2025-04-16 16:34:11,457] >>> 性别、年龄购买偏好单元开始
[2025-04-16 16:34:12,846] 各性别用户购买偏好：
[2025-04-16 16:34:12,846] purchase_category        书籍        家居        服装      电子产品        食品
gender                                                             
其他                 0.170495  0.205717  0.208780  0.209290  0.205717
女                  0.198612  0.201325  0.200463  0.199832  0.199769
未指定                0.205939  0.198755  0.214080  0.196360  0.184866
男                  0.203356  0.197198  0.197901  0.201207  0.200339
[2025-04-16 16:34:13,953] 各年龄段用户购买偏好：
[2025-04-16 16:34:13,954] purchase_category        书籍        家居        服装      电子产品        食品
age_group                                                          
青年                 0.197261  0.200041  0.202409  0.202821  0.197467
中年                 0.203914  0.197600  0.197725  0.198729  0.202032
中老年                0.199623  0.199623  0.200544  0.200963  0.199247
老年                 0.199835  0.200047  0.199647  0.200965  0.199506
[2025-04-16 16:34:15,596] 年龄+性别组合购买偏好（部分预览）：
[2025-04-16 16:34:15,596] purchase_category        书籍        家居        服装      电子产品        食品
age_group gender                                                   
青年        其他       0.207650  0.185792  0.196721  0.207650  0.202186
          女        0.190579  0.201383  0.207433  0.207433  0.193172
          未指定      0.188073  0.174312  0.211009  0.201835  0.224771
          男        0.203886  0.200470  0.197267  0.198121  0.200256
中年        其他       0.157205  0.196507  0.218341  0.229258  0.198690
[2025-04-16 16:34:16,218] ⏱️ 购买偏好分析 本单元运行耗时：4.76 秒
[2025-04-16 16:34:16,218] ✅ 文件 6 处理完成，总耗时：378.19 秒
[2025-04-16 16:34:17,010] 当前内存使用：96.24 GB
[2025-04-16 16:34:17,010] === 开始处理文件 /media/sdb/zhurongjiang/Data_mining/10G_data/part-00006.parquet ===
[2025-04-16 16:34:29,943] 缺失值行数: 0, 占比: 0.00%
[2025-04-16 16:34:29,943] ⏱️ 缺失值分析 本单元运行耗时：3.69 秒
[2025-04-16 16:34:30,332] age 异常值数量：0 占比：0.00%
[2025-04-16 16:34:30,753] income 异常值数量：0 占比：0.00%
[2025-04-16 16:34:31,158] credit_score 异常值数量：0 占比：0.00%
[2025-04-16 16:34:31,158] ⏱️ 异常值检测 本单元运行耗时：1.22 秒
[2025-04-16 16:34:32,426] 清洗记录数：0, 占比：0.00%
[2025-04-16 16:34:32,426] ⏱️ 数据清洗 本单元运行耗时：1.27 秒
[2025-04-16 16:34:32,478] ⏱️ 年龄统计 本单元运行耗时：0.05 秒
[2025-04-16 16:34:33,120] ⏱️ 收入信用评分 本单元运行耗时：0.64 秒
[2025-04-16 16:34:33,489] ⏱️ 国家统计 本单元运行耗时：0.37 秒
[2025-04-16 16:40:29,335] ⏱️ 用户画像 本单元运行耗时：355.85 秒
[2025-04-16 16:40:29,336] >>> 性别、年龄购买偏好单元开始
[2025-04-16 16:40:30,723] 各性别用户购买偏好：
[2025-04-16 16:40:30,723] purchase_category        书籍        家居        服装      电子产品        食品
gender                                                             
其他                 0.218154  0.190572  0.206118  0.195587  0.189569
女                  0.201601  0.197703  0.201475  0.199044  0.200176
未指定                0.205370  0.186972  0.203879  0.202884  0.200895
男                  0.199950  0.198977  0.200427  0.199909  0.200737
[2025-04-16 16:40:31,856] 各年龄段用户购买偏好：
[2025-04-16 16:40:31,856] purchase_category        书籍        家居        服装      电子产品        食品
age_group                                                          
青年                 0.203756  0.194004  0.198257  0.201058  0.202926
中年                 0.202399  0.200017  0.200894  0.195378  0.201312
中老年                0.200817  0.200000  0.199918  0.199918  0.199346
老年                 0.200176  0.196506  0.202583  0.201177  0.199557
[2025-04-16 16:40:33,440] 年龄+性别组合购买偏好（部分预览）：
[2025-04-16 16:40:33,440] purchase_category        书籍        家居        服装      电子产品        食品
age_group gender                                                   
青年        其他       0.182320  0.198895  0.193370  0.209945  0.215470
          女        0.208486  0.188456  0.199655  0.203101  0.200302
          未指定      0.191011  0.185393  0.252809  0.179775  0.191011
          男        0.200345  0.199698  0.194954  0.199482  0.205521
中年        其他       0.213080  0.204641  0.164557  0.204641  0.213080
[2025-04-16 16:40:34,082] ⏱️ 购买偏好分析 本单元运行耗时：4.75 秒
[2025-04-16 16:40:34,082] ✅ 文件 7 处理完成，总耗时：377.07 秒
[2025-04-16 16:40:34,859] 当前内存使用：73.28 GB
[2025-04-16 16:40:34,859] === 开始处理文件 /media/sdb/zhurongjiang/Data_mining/10G_data/part-00007.parquet ===
[2025-04-16 16:40:47,345] 缺失值行数: 0, 占比: 0.00%
[2025-04-16 16:40:47,345] ⏱️ 缺失值分析 本单元运行耗时：3.21 秒
[2025-04-16 16:40:47,730] age 异常值数量：0 占比：0.00%
[2025-04-16 16:40:48,124] income 异常值数量：0 占比：0.00%
[2025-04-16 16:40:48,480] credit_score 异常值数量：0 占比：0.00%
[2025-04-16 16:40:48,480] ⏱️ 异常值检测 本单元运行耗时：1.13 秒
[2025-04-16 16:40:49,736] 清洗记录数：0, 占比：0.00%
[2025-04-16 16:40:49,736] ⏱️ 数据清洗 本单元运行耗时：1.26 秒
[2025-04-16 16:40:49,791] ⏱️ 年龄统计 本单元运行耗时：0.05 秒
[2025-04-16 16:40:50,456] ⏱️ 收入信用评分 本单元运行耗时：0.66 秒
[2025-04-16 16:40:50,825] ⏱️ 国家统计 本单元运行耗时：0.37 秒
[2025-04-16 16:46:43,385] ⏱️ 用户画像 本单元运行耗时：352.56 秒
[2025-04-16 16:46:43,385] >>> 性别、年龄购买偏好单元开始
[2025-04-16 16:46:44,714] 各性别用户购买偏好：
[2025-04-16 16:46:44,714] purchase_category        书籍        家居        服装      电子产品        食品
gender                                                             
其他                 0.217817  0.194322  0.191385  0.198238  0.198238
女                  0.199050  0.200326  0.201331  0.200766  0.198527
未指定                0.189746  0.196454  0.203162  0.210350  0.200287
男                  0.197970  0.202275  0.198199  0.202192  0.199364
[2025-04-16 16:46:45,752] 各年龄段用户购买偏好：
[2025-04-16 16:46:45,752] purchase_category        书籍        家居        服装      电子产品        食品
age_group                                                          
青年                 0.200824  0.203399  0.197322  0.200618  0.197837
中年                 0.198488  0.200264  0.200801  0.201090  0.199356
中老年                0.197410  0.198114  0.201961  0.201754  0.200761
老年                 0.199122  0.202678  0.198215  0.202033  0.197952
[2025-04-16 16:46:47,304] 年龄+性别组合购买偏好（部分预览）：
[2025-04-16 16:46:47,304] purchase_category        书籍        家居        服装      电子产品        食品
age_group gender                                                   
青年        其他       0.210046  0.178082  0.155251  0.246575  0.210046
          女        0.199958  0.207122  0.201011  0.193637  0.198272
          未指定      0.222798  0.181347  0.181347  0.222798  0.191710
          男        0.200351  0.201670  0.196178  0.204745  0.197056
中年        其他       0.196721  0.198770  0.190574  0.213115  0.200820
[2025-04-16 16:46:47,935] ⏱️ 购买偏好分析 本单元运行耗时：4.55 秒
[2025-04-16 16:46:47,935] ✅ 文件 8 处理完成，总耗时：373.08 秒
[2025-04-16 16:46:48,745] >>> 所有文件处理完成，模块耗时如下：
[2025-04-16 16:46:48,745] 缺失值分析：3.70 秒
[2025-04-16 16:46:48,745] 异常值检测：1.20 秒
[2025-04-16 16:46:48,745] 数据清洗：1.37 秒
[2025-04-16 16:46:48,745] 年龄统计：0.05 秒
[2025-04-16 16:46:48,745] 收入信用评分：0.65 秒
[2025-04-16 16:46:48,745] 国家统计：0.37 秒
[2025-04-16 16:46:48,745] 用户画像：354.58 秒
[2025-04-16 16:46:48,745] 购买偏好分析：4.77 秒
[2025-04-16 16:46:48,745] 📊 正在生成合并图表
[2025-04-16 16:46:49,458] 📈 用户画像图表保存成功
[2025-04-16 16:46:49,458] >>> 开始汇总统计与可视化
[2025-04-16 17:11:23,841] >>> 批量处理开始
[2025-04-16 17:11:23,842] >>> 所有文件处理完成，模块耗时如下：
[2025-04-16 17:11:23,842] 📊 正在生成合并图表
[2025-04-16 17:11:24,611] 📈 用户画像图表保存成功
[2025-04-16 17:11:24,611] >>> 开始汇总统计与可视化
[2025-04-16 17:13:03,218] >>> 批量处理开始
[2025-04-16 17:13:03,218] >>> 所有文件处理完成，模块耗时如下：
[2025-04-16 17:13:03,218] 📊 正在生成合并图表
[2025-04-16 17:13:04,102] 📈 用户画像图表保存成功
[2025-04-16 17:13:04,102] >>> 开始汇总统计与可视化
[2025-04-16 17:13:04,927] >>> 开始绘制全局购买偏好分布（按性别、年龄、性别+年龄）
[2025-04-16 17:17:44,433] >>> 批量处理开始
[2025-04-16 17:17:44,433] >>> 所有文件处理完成，模块耗时如下：
[2025-04-16 17:17:44,433] 📊 正在生成合并图表
[2025-04-16 17:17:45,289] 📈 用户画像图表保存成功
[2025-04-16 17:17:45,289] >>> 开始汇总统计与可视化
[2025-04-16 17:17:46,230] >>> 开始绘制全局购买偏好分布（按性别、年龄、性别+年龄）
[2025-04-16 17:18:06,044] >>> 批量处理开始
[2025-04-16 17:18:06,044] >>> 所有文件处理完成，模块耗时如下：
[2025-04-16 17:18:06,045] 📊 正在生成合并图表
[2025-04-16 17:18:06,909] 📈 用户画像图表保存成功
[2025-04-16 17:18:06,909] >>> 开始汇总统计与可视化
[2025-04-16 17:18:07,853] >>> 开始绘制全局购买偏好分布（按性别、年龄、性别+年龄）
[2025-04-16 17:20:11,385] >>> 批量处理开始
[2025-04-16 17:20:11,385] >>> 所有文件处理完成，模块耗时如下：
[2025-04-16 17:20:11,385] 📊 正在生成合并图表
[2025-04-16 17:20:12,250] 📈 用户画像图表保存成功
[2025-04-16 17:20:12,250] >>> 开始汇总统计与可视化
[2025-04-16 17:20:13,173] >>> 开始绘制全局购买偏好分布（按性别、年龄、性别+年龄）
[2025-04-16 17:20:14,139] ✅ 汇总图表绘制完成
[2025-04-17 22:52:42,854] >>> 批量处理开始
[2025-04-17 22:52:42,854] 📊 正在生成合并图表
[2025-04-17 22:52:43,676] 📈 用户画像图表保存成功
[2025-04-17 22:52:43,676] >>> 开始汇总统计与可视化
[2025-04-17 22:52:44,543] >>> 开始绘制全局购买偏好分布（按性别、年龄、性别+年龄）
[2025-04-17 22:52:45,500] ✅ 汇总图表绘制完成
[2025-04-17 23:05:57,857] >>> 批量处理开始
[2025-04-17 23:05:57,857] 📊 正在生成合并图表
[2025-04-17 23:05:58,581] 📈 用户画像图表保存成功
[2025-04-17 23:05:58,582] >>> 开始汇总统计与可视化
[2025-04-17 23:05:59,130] No artists with labels found to put in legend.  Note that artists whose label start with an underscore are ignored when legend() is called with no argument.
[2025-04-17 23:05:59,252] No artists with labels found to put in legend.  Note that artists whose label start with an underscore are ignored when legend() is called with no argument.
[2025-04-17 23:05:59,370] No artists with labels found to put in legend.  Note that artists whose label start with an underscore are ignored when legend() is called with no argument.
[2025-04-17 23:05:59,479] >>> 开始绘制全局购买偏好分布（按性别、年龄、性别+年龄）
[2025-04-17 23:06:00,499] ✅ 汇总图表绘制完成
[2025-04-17 23:06:41,609] >>> 批量处理开始
[2025-04-17 23:06:41,609] 📊 正在生成合并图表
[2025-04-17 23:06:42,366] 📈 用户画像图表保存成功
[2025-04-17 23:06:42,366] >>> 开始汇总统计与可视化
[2025-04-17 23:06:42,933] No artists with labels found to put in legend.  Note that artists whose label start with an underscore are ignored when legend() is called with no argument.
[2025-04-17 23:06:43,076] No artists with labels found to put in legend.  Note that artists whose label start with an underscore are ignored when legend() is called with no argument.
[2025-04-17 23:06:43,194] No artists with labels found to put in legend.  Note that artists whose label start with an underscore are ignored when legend() is called with no argument.
[2025-04-17 23:06:43,302] >>> 开始绘制全局购买偏好分布（按性别、年龄、性别+年龄）
[2025-04-17 23:06:44,336] ✅ 汇总图表绘制完成
[2025-04-18 01:05:20,676] >>> 批量处理开始
[2025-04-18 01:06:48,382] 📊 正在生成合并图表
[2025-04-18 01:06:49,253] 📈 用户画像图表保存成功
[2025-04-18 01:06:49,253] >>> 开始汇总统计与可视化
[2025-04-18 01:06:50,199] No artists with labels found to put in legend.  Note that artists whose label start with an underscore are ignored when legend() is called with no argument.
[2025-04-18 01:06:50,319] No artists with labels found to put in legend.  Note that artists whose label start with an underscore are ignored when legend() is called with no argument.
[2025-04-18 01:06:50,436] No artists with labels found to put in legend.  Note that artists whose label start with an underscore are ignored when legend() is called with no argument.
[2025-04-18 01:06:50,547] >>> 开始绘制全局购买偏好分布（按性别、年龄、性别+年龄）
[2025-04-18 01:06:51,560] ✅ 汇总图表绘制完成
[2025-04-18 01:11:42,328] >>> 批量处理开始
