[2025-04-15 21:13:59,579] ⏱️ 本加载单元运行耗时：272.79 秒
[2025-04-15 21:13:59,579] >>> 缺失值单元开始
[2025-04-15 21:15:19,326] 存在缺失值的行数: 0，占比: 0.00%
[2025-04-15 21:15:19,326] ⏱️ 本缺失值单元运行耗时：79.75 秒
[2025-04-15 21:15:19,326] 跳过单元剔除
[2025-04-15 21:15:19,326] >>> 异常值单元开始
[2025-04-15 21:15:28,271] age 异常值数量：0，占比：0.00%
[2025-04-15 21:15:37,932] income 异常值数量：0，占比：0.00%
[2025-04-15 21:15:47,364] credit_score 异常值数量：0，占比：0.00%
[2025-04-15 21:15:47,364] ⏱️  异常值本单元运行耗时：28.04 秒
[2025-04-15 21:15:47,364] >>> 清洗数据单元开始
[2025-04-15 21:17:22,913] 清洗数据：删除了 0 条记录，占总数 0.00%
[2025-04-15 21:17:22,913] ⏱️本单元运行耗时：95.55 秒
[2025-04-15 21:17:22,913] >>> 年龄统计单元开始
[2025-04-15 21:17:24,144] 各年龄用户数统计：
[2025-04-15 21:17:24,145] age
18     3597590
19     3618386
20     3619504
21     3637093
22     3617543
        ...   
96     3611210
97     3639731
98     3578242
99     3598117
100    3605295
Name: count, Length: 83, dtype: int64
[2025-04-15 21:17:24,634] ⏱️ 本单元运行耗时：1.72 秒
[2025-04-15 21:17:24,634] >>> 收入,信用评分单元开始
[2025-04-15 21:17:34,675] 各收入区间人数：
[2025-04-15 21:17:34,675] income_range
0-10w        30101640
10w-30w      59836491
30w-50w      60133460
50w-70w      59858155
70w-100w+    89770994
Name: count, dtype: int64
[2025-04-15 21:17:42,237] 各信用评分区间人数：
[2025-04-15 21:17:42,238] credit_range
低（0-400）        54328963
中低（400-600）    109034315
中高（600-800）    108899115
高（800以上）        27737607
Name: count, dtype: int64
[2025-04-15 21:17:42,238] 平均收入：499701.97
[2025-04-15 21:17:42,238] 平均信用评分：575.01
[2025-04-15 23:32:41,567] ⏱️ 本单元运行耗时：8116.93 秒
[2025-04-15 23:32:41,567] >>> 国家统计单元开始
[2025-04-15 23:33:16,453] ⏱️ 本单元运行耗时：34.89 秒
[2025-04-15 23:33:16,454] >>> 年龄收入单元开始
[2025-04-16 03:44:42,438] ⏱️ 本单元运行耗时：15085.98 秒
[2025-04-16 03:44:42,443] >>> 用户画像单元开始
[2025-04-16 03:45:34,159] 用户画像：
[2025-04-16 03:45:34,159] purchase_category                    书籍        家居        服装      电子产品        食品  total
age_group income_level gender                                                         
青年        低收入          其他      0.214082  0.167736  0.195246  0.215897  0.207039    1.0
                       女       0.200369  0.201503  0.198325  0.201203  0.198601    1.0
                       未指定     0.195547  0.202344  0.188698  0.221765  0.191645    1.0
                       男       0.199974  0.199904  0.196803  0.201992  0.201328    1.0
          中收入          其他      0.221363  0.171364  0.189603  0.204012  0.213658    1.0
                       女       0.196638  0.200980  0.199614  0.201943  0.200825    1.0
                       未指定     0.195885  0.194816  0.210968  0.200624  0.197707    1.0
                       男       0.195572  0.200869  0.200939  0.200711  0.201909    1.0
          高收入          其他      0.198996  0.215548  0.203866  0.182475  0.199115    1.0
                       女       0.196497  0.202312  0.199108  0.201324  0.200759    1.0
                       未指定     0.204842  0.208522  0.215023  0.181625  0.189988    1.0
                       男       0.197362  0.198019  0.198050  0.200381  0.206188    1.0
中年        低收入          其他      0.219116  0.191490  0.196967  0.194638  0.197789    1.0
                       女       0.202237  0.198140  0.199521  0.199581  0.200521    1.0
                       未指定     0.187912  0.207676  0.203335  0.205632  0.195445    1.0
                       男       0.199345  0.199986  0.198446  0.203343  0.198881    1.0
          中收入          其他      0.188604  0.201481  0.211461  0.199042  0.199411    1.0
                       女       0.198476  0.199543  0.202772  0.199798  0.199411    1.0
                       未指定     0.198614  0.225782  0.197326  0.186761  0.191517    1.0
                       男       0.199718  0.200694  0.201366  0.201550  0.196672    1.0
          高收入          其他      0.191275  0.205758  0.196276  0.213448  0.193242    1.0
                       女       0.200280  0.201770  0.200671  0.199049  0.198230    1.0
                       未指定     0.202375  0.204801  0.197938  0.203941  0.190945    1.0
                       男       0.199095  0.197198  0.199600  0.204502  0.199604    1.0
中老年       低收入          其他      0.215506  0.199347  0.189983  0.185826  0.209339    1.0
                       女       0.204268  0.198293  0.200009  0.197041  0.200390    1.0
                       未指定     0.199666  0.188202  0.210879  0.200046  0.201206    1.0
                       男       0.199919  0.199706  0.202124  0.198867  0.199384    1.0
          中收入          其他      0.203809  0.188856  0.216236  0.186211  0.204888    1.0
                       女       0.199415  0.200684  0.199744  0.200441  0.199715    1.0
                       未指定     0.190995  0.189887  0.209868  0.204231  0.205019    1.0
                       男       0.197475  0.201019  0.200852  0.199788  0.200867    1.0
          高收入          其他      0.210629  0.192424  0.213049  0.190383  0.193516    1.0
                       女       0.198169  0.198410  0.203739  0.200306  0.199376    1.0
                       未指定     0.192276  0.192676  0.197745  0.216439  0.200864    1.0
                       男       0.202270  0.201366  0.198599  0.201333  0.196432    1.0
老年        低收入          其他      0.204941  0.201118  0.198717  0.200675  0.194548    1.0
                       女       0.200242  0.200909  0.199764  0.199787  0.199298    1.0
                       未指定     0.202489  0.198785  0.202737  0.193714  0.202275    1.0
                       男       0.200606  0.200840  0.199406  0.199743  0.199406    1.0
          中收入          其他      0.199829  0.202693  0.196140  0.202673  0.198665    1.0
                       女       0.199486  0.202040  0.200660  0.199196  0.198618    1.0
                       未指定     0.192825  0.202135  0.217390  0.197642  0.190006    1.0
                       男       0.200679  0.198362  0.199206  0.200284  0.201470    1.0
          高收入          其他      0.192676  0.187147  0.213383  0.203947  0.202848    1.0
                       女       0.199621  0.199582  0.201260  0.199732  0.199805    1.0
                       未指定     0.203579  0.207580  0.192414  0.188256  0.208172    1.0
                       男       0.199202  0.200820  0.200276  0.199883  0.199819    1.0
[2025-04-16 03:45:34,188] purchase_category                    书籍        家居        服装      电子产品        食品  total
age_group income_level gender                                                         
青年        低收入          其他      0.214082  0.167736  0.195246  0.215897  0.207039    1.0
                       女       0.200369  0.201503  0.198325  0.201203  0.198601    1.0
                       未指定     0.195547  0.202344  0.188698  0.221765  0.191645    1.0
                       男       0.199974  0.199904  0.196803  0.201992  0.201328    1.0
          中收入          其他      0.221363  0.171364  0.189603  0.204012  0.213658    1.0
[2025-04-16 03:45:34,197] ⏱️ 本单元运行耗时：51.75 秒
[2025-04-16 03:45:34,197] >>> 性别、年龄购买偏好单元开始
[2025-04-16 06:09:52,022] 各性别用户购买偏好：
[2025-04-16 06:09:52,023] purchase_category        书籍        家居        服装      电子产品        食品
gender                                                             
其他                 0.203078  0.195602  0.202688  0.198683  0.199948
女                  0.199929  0.200258  0.200658  0.199660  0.199496
未指定                0.197456  0.202054  0.203697  0.198569  0.198224
男                  0.199667  0.199966  0.199790  0.200838  0.199739
[2025-04-16 06:10:21,496] 各年龄段用户购买偏好：
[2025-04-16 06:10:21,496] purchase_category        书籍        家居        服装      电子产品        食品
age_group                                                          
青年                 0.198032  0.200318  0.198887  0.201246  0.201517
中年                 0.199785  0.199821  0.200398  0.201278  0.198718
中老年                0.200328  0.199594  0.201060  0.199534  0.199485
老年                 0.199948  0.200406  0.200233  0.199691  0.199722
[2025-04-16 06:11:08,666] 不同年龄+性别组合的购买偏好：
[2025-04-16 06:11:08,666] purchase_category        书籍        家居        服装      电子产品        食品
age_group gender                                                   
青年        其他       0.211516  0.184883  0.196212  0.200755  0.206635
          女        0.197837  0.201597  0.199016  0.201490  0.200061
          未指定      0.198820  0.201925  0.205100  0.201044  0.193110
          男        0.197632  0.199603  0.198603  0.201028  0.203133
中年        其他       0.199701  0.199604  0.201444  0.202484  0.196766
[2025-04-16 06:11:10,849] ⏱️ 本单元运行耗时：8736.65 秒
[2025-04-16 06:11:10,850] >>> 积分,年龄收入单元开始
[2025-04-16 06:11:22,431] ⏱️ 本单元运行耗时：11.58 秒
[2025-04-16 06:11:22,431] >>> 单元开始
[2025-04-16 06:11:22,432] ⏱️ 本单元运行耗时：0.00 秒
[2025-04-16 15:34:11,800] >>> 批量处理开始
[2025-04-16 15:34:11,800] 当前内存使用：31.33 GB
[2025-04-16 15:34:11,800] === 开始处理文件 /media/sdb/zhurongjiang/Data_mining/30G_data/part-00000.parquet ===
[2025-04-16 15:34:28,816] 缺失值行数: 0, 占比: 0.00%
[2025-04-16 15:34:28,816] ⏱️ 缺失值分析 本单元运行耗时：5.12 秒
[2025-04-16 15:56:35,966] >>> 批量处理开始
[2025-04-16 15:56:35,967] 当前内存使用：68.40 GB
[2025-04-16 15:56:35,967] === 开始处理文件 /media/sdb/zhurongjiang/Data_mining/30G_data/part-00000.parquet ===
[2025-04-16 15:56:52,979] 缺失值行数: 0, 占比: 0.00%
[2025-04-16 15:56:52,979] ⏱️ 缺失值分析 本单元运行耗时：5.51 秒
[2025-04-16 15:56:53,606] age 异常值数量：0 占比：0.00%
[2025-04-16 15:56:54,215] income 异常值数量：0 占比：0.00%
[2025-04-16 15:56:54,834] credit_score 异常值数量：0 占比：0.00%
[2025-04-16 15:56:54,835] ⏱️ 异常值检测 本单元运行耗时：1.86 秒
[2025-04-16 15:56:56,698] 清洗记录数：0, 占比：0.00%
[2025-04-16 15:56:56,698] ⏱️ 数据清洗 本单元运行耗时：1.86 秒
[2025-04-16 15:56:56,777] ⏱️ 年龄统计 本单元运行耗时：0.08 秒
[2025-04-16 15:56:57,802] ⏱️ 收入信用评分 本单元运行耗时：1.02 秒
[2025-04-16 15:56:58,356] ⏱️ 国家统计 本单元运行耗时：0.55 秒
[2025-04-16 16:05:42,792] ⏱️ 用户画像 本单元运行耗时：524.44 秒
[2025-04-16 16:05:42,792] >>> 性别、年龄购买偏好单元开始
[2025-04-16 16:05:44,796] 各性别用户购买偏好：
[2025-04-16 16:05:44,797] purchase_category        书籍        家居        服装      电子产品        食品
gender                                                             
其他                 0.190831  0.210784  0.197290  0.198774  0.202322
女                  0.200037  0.199951  0.198020  0.199469  0.202523
未指定                0.202541  0.211356  0.197944  0.203621  0.184538
男                  0.202579  0.196917  0.198160  0.201385  0.200960
[2025-04-16 16:05:46,662] 各年龄段用户购买偏好：
[2025-04-16 16:05:46,662] purchase_category        书籍        家居        服装      电子产品        食品
age_group                                                          
青年                 0.202642  0.192968  0.191386  0.210094  0.202911
中年                 0.201399  0.197386  0.201395  0.201679  0.198141
中老年                0.203054  0.198110  0.199960  0.197141  0.201734
老年                 0.199519  0.201646  0.196644  0.199431  0.202760
[2025-04-16 16:05:49,382] 年龄+性别组合购买偏好（部分预览）：
[2025-04-16 16:05:49,383] purchase_category        书籍        家居        服装      电子产品        食品
age_group gender                                                   
青年        其他       0.199949  0.200076  0.209373  0.181102  0.209500
          女        0.196816  0.193439  0.197204  0.210896  0.201645
          未指定      0.249978  0.168623  0.190157  0.238965  0.152277
          男        0.206851  0.193133  0.184641  0.209440  0.205936
中年        其他       0.211962  0.235359  0.169257  0.201309  0.182114
[2025-04-16 16:05:50,082] ⏱️ 购买偏好分析 本单元运行耗时：7.29 秒
[2025-04-16 16:05:50,082] ✅ 文件 1 处理完成，总耗时：554.11 秒
[2025-04-16 16:05:51,629] 当前内存使用：69.33 GB
[2025-04-16 16:05:51,629] === 开始处理文件 /media/sdb/zhurongjiang/Data_mining/30G_data/part-00011.parquet ===
[2025-04-16 16:06:08,221] 缺失值行数: 0, 占比: 0.00%
[2025-04-16 16:06:08,221] ⏱️ 缺失值分析 本单元运行耗时：5.08 秒
[2025-04-16 16:06:08,840] age 异常值数量：0 占比：0.00%
[2025-04-16 16:06:09,484] income 异常值数量：0 占比：0.00%
[2025-04-16 16:06:10,185] credit_score 异常值数量：0 占比：0.00%
[2025-04-16 16:06:10,185] ⏱️ 异常值检测 本单元运行耗时：1.96 秒
[2025-04-16 16:06:12,696] 清洗记录数：0, 占比：0.00%
[2025-04-16 16:06:12,696] ⏱️ 数据清洗 本单元运行耗时：2.51 秒
[2025-04-16 16:06:12,773] ⏱️ 年龄统计 本单元运行耗时：0.08 秒
[2025-04-16 16:06:13,781] ⏱️ 收入信用评分 本单元运行耗时：1.01 秒
[2025-04-16 16:06:14,336] ⏱️ 国家统计 本单元运行耗时：0.55 秒
[2025-04-16 16:15:05,930] ⏱️ 用户画像 本单元运行耗时：531.59 秒
[2025-04-16 16:15:05,931] >>> 性别、年龄购买偏好单元开始
[2025-04-16 16:15:07,931] 各性别用户购买偏好：
[2025-04-16 16:15:07,931] purchase_category        书籍        家居        服装      电子产品        食品
gender                                                             
其他                 0.209523  0.192782  0.211065  0.192812  0.193818
女                  0.194513  0.198365  0.204546  0.199240  0.203336
未指定                0.197294  0.213942  0.197768  0.201293  0.189703
男                  0.198065  0.203217  0.198422  0.201186  0.199111
[2025-04-16 16:15:09,489] 各年龄段用户购买偏好：
[2025-04-16 16:15:09,489] purchase_category        书籍        家居        服装      电子产品        食品
age_group                                                          
青年                 0.194424  0.200711  0.200701  0.199754  0.204410
中年                 0.196563  0.197298  0.204217  0.202121  0.199802
中老年                0.193529  0.198800  0.202644  0.201827  0.203200
老年                 0.198796  0.204176  0.199722  0.198013  0.199293
[2025-04-16 16:15:11,747] 年龄+性别组合购买偏好（部分预览）：
[2025-04-16 16:15:11,747] purchase_category        书籍        家居        服装      电子产品        食品
age_group gender                                                   
青年        其他       0.211519  0.195876  0.185430  0.185759  0.221416
          女        0.191037  0.204886  0.195190  0.199029  0.209858
          未指定      0.219014  0.223897  0.203912  0.203886  0.149291
          男        0.196007  0.195775  0.206661  0.200877  0.200679
中年        其他       0.220860  0.186750  0.189062  0.188821  0.214507
[2025-04-16 16:15:12,436] ⏱️ 购买偏好分析 本单元运行耗时：6.51 秒
[2025-04-16 16:15:12,436] ✅ 文件 2 处理完成，总耗时：560.81 秒
[2025-04-16 16:15:13,597] 当前内存使用：79.18 GB
[2025-04-16 16:15:13,597] === 开始处理文件 /media/sdb/zhurongjiang/Data_mining/30G_data/part-00012.parquet ===
[2025-04-16 16:15:32,609] 缺失值行数: 0, 占比: 0.00%
[2025-04-16 16:15:32,609] ⏱️ 缺失值分析 本单元运行耗时：5.13 秒
[2025-04-16 16:15:33,230] age 异常值数量：0 占比：0.00%
[2025-04-16 16:15:33,920] income 异常值数量：0 占比：0.00%
[2025-04-16 16:15:34,508] credit_score 异常值数量：0 占比：0.00%
[2025-04-16 16:15:34,508] ⏱️ 异常值检测 本单元运行耗时：1.90 秒
[2025-04-16 16:15:36,440] 清洗记录数：0, 占比：0.00%
[2025-04-16 16:15:36,440] ⏱️ 数据清洗 本单元运行耗时：1.93 秒
[2025-04-16 16:15:36,516] ⏱️ 年龄统计 本单元运行耗时：0.08 秒
[2025-04-16 16:15:37,511] ⏱️ 收入信用评分 本单元运行耗时：0.99 秒
[2025-04-16 16:15:38,064] ⏱️ 国家统计 本单元运行耗时：0.55 秒
[2025-04-16 16:24:28,110] ⏱️ 用户画像 本单元运行耗时：530.05 秒
[2025-04-16 16:24:28,111] >>> 性别、年龄购买偏好单元开始
[2025-04-16 16:24:30,240] 各性别用户购买偏好：
[2025-04-16 16:24:30,241] purchase_category        书籍        家居        服装      电子产品        食品
gender                                                             
其他                 0.218575  0.174106  0.198511  0.198060  0.210749
女                  0.200818  0.200112  0.199654  0.200149  0.199266
未指定                0.197554  0.194661  0.199995  0.204869  0.202921
男                  0.200539  0.202109  0.202436  0.198570  0.196346
[2025-04-16 16:24:31,853] 各年龄段用户购买偏好：
[2025-04-16 16:24:31,853] purchase_category        书籍        家居        服装      电子产品        食品
age_group                                                          
青年                 0.190357  0.205243  0.200509  0.199147  0.204745
中年                 0.198181  0.199610  0.201905  0.199670  0.200633
中老年                0.204433  0.198091  0.200966  0.200233  0.196276
老年                 0.203012  0.201122  0.200540  0.198941  0.196385
[2025-04-16 16:24:34,276] 年龄+性别组合购买偏好（部分预览）：
[2025-04-16 16:24:34,276] purchase_category        书籍        家居        服装      电子产品        食品
age_group gender                                                   
青年        其他       0.188324  0.145229  0.225714  0.231104  0.209628
          女        0.191389  0.208601  0.198136  0.197049  0.204826
          未指定      0.116084  0.241471  0.217352  0.198078  0.227015
          男        0.192770  0.202516  0.201195  0.200088  0.203432
中年        其他       0.234287  0.179968  0.179857  0.186260  0.219628
[2025-04-16 16:24:34,979] ⏱️ 购买偏好分析 本单元运行耗时：6.87 秒
[2025-04-16 16:24:34,979] ✅ 文件 3 处理完成，总耗时：561.38 秒
[2025-04-16 16:24:36,117] 当前内存使用：75.54 GB
[2025-04-16 16:24:36,117] === 开始处理文件 /media/sdb/zhurongjiang/Data_mining/30G_data/part-00003.parquet ===
[2025-04-16 16:24:54,635] 缺失值行数: 0, 占比: 0.00%
[2025-04-16 16:24:54,636] ⏱️ 缺失值分析 本单元运行耗时：5.03 秒
[2025-04-16 16:24:55,219] age 异常值数量：0 占比：0.00%
[2025-04-16 16:24:55,843] income 异常值数量：0 占比：0.00%
[2025-04-16 16:24:56,407] credit_score 异常值数量：0 占比：0.00%
[2025-04-16 16:24:56,407] ⏱️ 异常值检测 本单元运行耗时：1.77 秒
[2025-04-16 16:24:58,369] 清洗记录数：0, 占比：0.00%
[2025-04-16 16:24:58,369] ⏱️ 数据清洗 本单元运行耗时：1.96 秒
[2025-04-16 16:24:58,445] ⏱️ 年龄统计 本单元运行耗时：0.08 秒
[2025-04-16 16:24:59,430] ⏱️ 收入信用评分 本单元运行耗时：0.98 秒
[2025-04-16 16:24:59,982] ⏱️ 国家统计 本单元运行耗时：0.55 秒
[2025-04-16 16:33:49,987] ⏱️ 用户画像 本单元运行耗时：530.01 秒
[2025-04-16 16:33:49,987] >>> 性别、年龄购买偏好单元开始
[2025-04-16 16:33:52,015] 各性别用户购买偏好：
[2025-04-16 16:33:52,015] purchase_category        书籍        家居        服装      电子产品        食品
gender                                                             
其他                 0.194713  0.210177  0.192695  0.199719  0.202696
女                  0.198127  0.202537  0.201821  0.197698  0.199816
未指定                0.200810  0.207046  0.205504  0.185828  0.200813
男                  0.198586  0.199395  0.196724  0.201693  0.203602
[2025-04-16 16:33:53,555] 各年龄段用户购买偏好：
[2025-04-16 16:33:53,555] purchase_category        书籍        家居        服装      电子产品        食品
age_group                                                          
青年                 0.194394  0.200988  0.198395  0.208322  0.197900
中年                 0.197662  0.199211  0.196667  0.203182  0.203278
中老年                0.201326  0.203860  0.198868  0.197077  0.198869
老年                 0.197910  0.201012  0.201132  0.196619  0.203326
[2025-04-16 16:33:55,804] 年龄+性别组合购买偏好（部分预览）：
[2025-04-16 16:33:55,804] purchase_category        书籍        家居        服装      电子产品        食品
age_group gender                                                   
青年        其他       0.193518  0.236656  0.139854  0.209666  0.220307
          女        0.201594  0.200504  0.203918  0.210074  0.183910
          未指定      0.184599  0.165450  0.184837  0.242081  0.223033
          男        0.187482  0.201251  0.195621  0.205352  0.210294
中年        其他       0.190682  0.206116  0.196590  0.198450  0.208161
[2025-04-16 16:33:56,580] ⏱️ 购买偏好分析 本单元运行耗时：6.59 秒
[2025-04-16 16:33:56,580] ✅ 文件 4 处理完成，总耗时：560.46 秒
[2025-04-16 16:33:57,733] 当前内存使用：94.96 GB
[2025-04-16 16:33:57,733] === 开始处理文件 /media/sdb/zhurongjiang/Data_mining/30G_data/part-00014.parquet ===
[2025-04-16 16:34:17,209] 缺失值行数: 0, 占比: 0.00%
[2025-04-16 16:34:17,209] ⏱️ 缺失值分析 本单元运行耗时：5.68 秒
[2025-04-16 16:34:17,810] age 异常值数量：0 占比：0.00%
[2025-04-16 16:34:18,384] income 异常值数量：0 占比：0.00%
[2025-04-16 16:34:18,970] credit_score 异常值数量：0 占比：0.00%
[2025-04-16 16:34:18,970] ⏱️ 异常值检测 本单元运行耗时：1.76 秒
[2025-04-16 16:34:20,976] 清洗记录数：0, 占比：0.00%
[2025-04-16 16:34:20,976] ⏱️ 数据清洗 本单元运行耗时：2.01 秒
[2025-04-16 16:34:21,053] ⏱️ 年龄统计 本单元运行耗时：0.08 秒
[2025-04-16 16:34:22,047] ⏱️ 收入信用评分 本单元运行耗时：0.99 秒
[2025-04-16 16:34:22,601] ⏱️ 国家统计 本单元运行耗时：0.55 秒
[2025-04-16 16:43:07,569] ⏱️ 用户画像 本单元运行耗时：524.97 秒
[2025-04-16 16:43:07,569] >>> 性别、年龄购买偏好单元开始
[2025-04-16 16:43:09,650] 各性别用户购买偏好：
[2025-04-16 16:43:09,650] purchase_category        书籍        家居        服装      电子产品        食品
gender                                                             
其他                 0.196886  0.191243  0.212860  0.205186  0.193826
女                  0.202097  0.199921  0.198442  0.200471  0.199070
未指定                0.201750  0.184569  0.197181  0.195618  0.220882
男                  0.199608  0.197744  0.198657  0.204079  0.199912
[2025-04-16 16:43:11,219] 各年龄段用户购买偏好：
[2025-04-16 16:43:11,219] purchase_category        书籍        家居        服装      电子产品        食品
age_group                                                          
青年                 0.197170  0.201957  0.196274  0.202060  0.202539
中年                 0.198082  0.199414  0.198398  0.203289  0.200817
中老年                0.203265  0.194574  0.200243  0.200884  0.201034
老年                 0.201774  0.199171  0.198793  0.202352  0.197911
[2025-04-16 16:43:13,645] 年龄+性别组合购买偏好（部分预览）：
[2025-04-16 16:43:13,645] purchase_category        书籍        家居        服装      电子产品        食品
age_group gender                                                   
青年        其他       0.231920  0.154947  0.220815  0.221080  0.171238
          女        0.197819  0.202113  0.194828  0.197189  0.208052
          未指定      0.200107  0.244877  0.199947  0.165048  0.190021
          男        0.195018  0.201784  0.196614  0.207850  0.198733
中年        其他       0.192273  0.213473  0.198791  0.209278  0.186184
[2025-04-16 16:43:14,385] ⏱️ 购买偏好分析 本单元运行耗时：6.82 秒
[2025-04-16 16:43:14,385] ✅ 文件 5 处理完成，总耗时：556.65 秒
[2025-04-16 16:43:15,526] 当前内存使用：59.69 GB
[2025-04-16 16:43:15,527] === 开始处理文件 /media/sdb/zhurongjiang/Data_mining/30G_data/part-00005.parquet ===
[2025-04-16 16:43:35,150] 缺失值行数: 0, 占比: 0.00%
[2025-04-16 16:43:35,150] ⏱️ 缺失值分析 本单元运行耗时：5.08 秒
[2025-04-16 16:43:35,735] age 异常值数量：0 占比：0.00%
[2025-04-16 16:43:36,349] income 异常值数量：0 占比：0.00%
[2025-04-16 16:43:36,939] credit_score 异常值数量：0 占比：0.00%
[2025-04-16 16:43:36,939] ⏱️ 异常值检测 本单元运行耗时：1.79 秒
[2025-04-16 16:43:38,883] 清洗记录数：0, 占比：0.00%
[2025-04-16 16:43:38,883] ⏱️ 数据清洗 本单元运行耗时：1.94 秒
[2025-04-16 16:43:38,959] ⏱️ 年龄统计 本单元运行耗时：0.08 秒
[2025-04-16 16:43:39,928] ⏱️ 收入信用评分 本单元运行耗时：0.97 秒
[2025-04-16 16:43:40,482] ⏱️ 国家统计 本单元运行耗时：0.55 秒
[2025-04-16 16:52:31,937] ⏱️ 用户画像 本单元运行耗时：531.45 秒
[2025-04-16 16:52:31,937] >>> 性别、年龄购买偏好单元开始
[2025-04-16 16:52:33,929] 各性别用户购买偏好：
[2025-04-16 16:52:33,929] purchase_category        书籍        家居        服装      电子产品        食品
gender                                                             
其他                 0.170541  0.205714  0.208777  0.209297  0.205671
女                  0.198607  0.201330  0.200468  0.199829  0.199766
未指定                0.205941  0.198789  0.214077  0.196359  0.184834
男                  0.203354  0.197190  0.197909  0.201207  0.200340
[2025-04-16 16:52:35,425] 各年龄段用户购买偏好：
[2025-04-16 16:52:35,425] purchase_category        书籍        家居        服装      电子产品        食品
age_group                                                          
青年                 0.197244  0.200036  0.202425  0.202823  0.197472
中年                 0.203909  0.197600  0.197743  0.198732  0.202016
中老年                0.199619  0.199621  0.200550  0.200965  0.199246
老年                 0.199838  0.200048  0.199645  0.200959  0.199509
[2025-04-16 16:52:37,746] 年龄+性别组合购买偏好（部分预览）：
[2025-04-16 16:52:37,746] purchase_category        书籍        家居        服装      电子产品        食品
age_group gender                                                   
青年        其他       0.207660  0.185769  0.196933  0.207573  0.202064
          女        0.190582  0.201392  0.207425  0.207398  0.193203
          未指定      0.188055  0.174500  0.210907  0.201977  0.224560
          男        0.203846  0.200441  0.197306  0.198156  0.200251
中年        其他       0.157221  0.196544  0.218330  0.229311  0.198593
[2025-04-16 16:52:38,435] ⏱️ 购买偏好分析 本单元运行耗时：6.50 秒
[2025-04-16 16:52:38,435] ✅ 文件 6 处理完成，总耗时：562.91 秒
[2025-04-16 16:52:39,594] 当前内存使用：88.95 GB
[2025-04-16 16:52:39,594] === 开始处理文件 /media/sdb/zhurongjiang/Data_mining/30G_data/part-00006.parquet ===
[2025-04-16 16:52:58,647] 缺失值行数: 0, 占比: 0.00%
[2025-04-16 16:52:58,647] ⏱️ 缺失值分析 本单元运行耗时：5.12 秒
[2025-04-16 16:52:59,263] age 异常值数量：0 占比：0.00%
[2025-04-16 16:52:59,821] income 异常值数量：0 占比：0.00%
[2025-04-16 16:53:00,426] credit_score 异常值数量：0 占比：0.00%
[2025-04-16 16:53:00,426] ⏱️ 异常值检测 本单元运行耗时：1.78 秒
[2025-04-16 16:53:02,253] 清洗记录数：0, 占比：0.00%
[2025-04-16 16:53:02,253] ⏱️ 数据清洗 本单元运行耗时：1.83 秒
[2025-04-16 16:53:02,329] ⏱️ 年龄统计 本单元运行耗时：0.08 秒
[2025-04-16 16:53:03,322] ⏱️ 收入信用评分 本单元运行耗时：0.99 秒
[2025-04-16 16:53:03,877] ⏱️ 国家统计 本单元运行耗时：0.55 秒
[2025-04-16 17:01:54,943] ⏱️ 用户画像 本单元运行耗时：531.07 秒
[2025-04-16 17:01:54,943] >>> 性别、年龄购买偏好单元开始
[2025-04-16 17:01:57,058] 各性别用户购买偏好：
[2025-04-16 17:01:57,058] purchase_category        书籍        家居        服装      电子产品        食品
gender                                                             
其他                 0.218173  0.190551  0.206106  0.195572  0.189598
女                  0.201601  0.197710  0.201473  0.199044  0.200172
未指定                0.205343  0.186942  0.203885  0.202946  0.200885
男                  0.199950  0.198978  0.200426  0.199911  0.200735
[2025-04-16 17:01:58,663] 各年龄段用户购买偏好：
[2025-04-16 17:01:58,664] purchase_category        书籍        家居        服装      电子产品        食品
age_group                                                          
青年                 0.203752  0.194015  0.198257  0.201064  0.202913
中年                 0.202388  0.200005  0.200898  0.195401  0.201308
中老年                0.200812  0.199994  0.199926  0.199924  0.199345
老年                 0.200186  0.196521  0.202573  0.201164  0.199556
[2025-04-16 17:02:00,962] 年龄+性别组合购买偏好（部分预览）：
[2025-04-16 17:02:00,962] purchase_category        书籍        家居        服装      电子产品        食品
age_group gender                                                   
青年        其他       0.182638  0.198810  0.193360  0.209709  0.215483
          女        0.208463  0.188470  0.199628  0.203124  0.200316
          未指定      0.190977  0.185015  0.252868  0.180102  0.191037
          男        0.200350  0.199724  0.194979  0.199469  0.205478
中年        其他       0.213154  0.204567  0.164828  0.204499  0.212951
[2025-04-16 17:02:01,659] ⏱️ 购买偏好分析 本单元运行耗时：6.72 秒
[2025-04-16 17:02:01,660] ✅ 文件 7 处理完成，总耗时：562.07 秒
[2025-04-16 17:02:02,747] 当前内存使用：106.00 GB
[2025-04-16 17:02:02,747] === 开始处理文件 /media/sdb/zhurongjiang/Data_mining/30G_data/part-00007.parquet ===
[2025-04-16 17:02:21,207] 缺失值行数: 0, 占比: 0.00%
[2025-04-16 17:02:21,208] ⏱️ 缺失值分析 本单元运行耗时：5.15 秒
[2025-04-16 17:02:21,820] age 异常值数量：0 占比：0.00%
[2025-04-16 17:02:22,451] income 异常值数量：0 占比：0.00%
[2025-04-16 17:02:23,008] credit_score 异常值数量：0 占比：0.00%
[2025-04-16 17:02:23,008] ⏱️ 异常值检测 本单元运行耗时：1.80 秒
[2025-04-16 17:02:24,874] 清洗记录数：0, 占比：0.00%
[2025-04-16 17:02:24,874] ⏱️ 数据清洗 本单元运行耗时：1.87 秒
[2025-04-16 17:02:24,950] ⏱️ 年龄统计 本单元运行耗时：0.08 秒
[2025-04-16 17:02:25,930] ⏱️ 收入信用评分 本单元运行耗时：0.98 秒
[2025-04-16 17:02:26,484] ⏱️ 国家统计 本单元运行耗时：0.55 秒
[2025-04-16 17:11:17,201] ⏱️ 用户画像 本单元运行耗时：530.72 秒
[2025-04-16 17:11:17,201] >>> 性别、年龄购买偏好单元开始
[2025-04-16 17:11:19,425] 各性别用户购买偏好：
[2025-04-16 17:11:19,425] purchase_category        书籍        家居        服装      电子产品        食品
gender                                                             
其他                 0.217792  0.194336  0.191381  0.198212  0.198280
女                  0.199049  0.200325  0.201340  0.200756  0.198530
未指定                0.189733  0.196444  0.203152  0.210376  0.200295
男                  0.197969  0.202269  0.198197  0.202195  0.199370
[2025-04-16 17:11:20,962] 各年龄段用户购买偏好：
[2025-04-16 17:11:20,962] purchase_category        书籍        家居        服装      电子产品        食品
age_group                                                          
青年                 0.200804  0.203393  0.197330  0.200612  0.197861
中年                 0.198492  0.200263  0.200799  0.201086  0.199360
中老年                0.197402  0.198113  0.201967  0.201741  0.200778
老年                 0.199126  0.202672  0.198219  0.202036  0.197948
[2025-04-16 17:11:23,376] 年龄+性别组合购买偏好（部分预览）：
[2025-04-16 17:11:23,376] purchase_category        书籍        家居        服装      电子产品        食品
age_group gender                                                   
青年        其他       0.210282  0.177990  0.155343  0.246445  0.209941
          女        0.199927  0.207134  0.201007  0.193651  0.198281
          未指定      0.222686  0.181396  0.181369  0.222686  0.191864
          男        0.200333  0.201647  0.196194  0.204729  0.197097
中年        其他       0.196698  0.198840  0.190514  0.213153  0.200795
[2025-04-16 17:11:24,068] ⏱️ 购买偏好分析 本单元运行耗时：6.87 秒
[2025-04-16 17:11:24,068] ✅ 文件 8 处理完成，总耗时：561.32 秒
[2025-04-16 17:11:25,316] 当前内存使用：62.13 GB
[2025-04-16 17:11:25,316] === 开始处理文件 /media/sdb/zhurongjiang/Data_mining/30G_data/part-00008.parquet ===
[2025-04-16 17:11:43,813] 缺失值行数: 0, 占比: 0.00%
[2025-04-16 17:11:43,813] ⏱️ 缺失值分析 本单元运行耗时：5.06 秒
[2025-04-16 17:11:44,424] age 异常值数量：0 占比：0.00%
[2025-04-16 17:11:45,086] income 异常值数量：0 占比：0.00%
[2025-04-16 17:11:45,630] credit_score 异常值数量：0 占比：0.00%
[2025-04-16 17:11:45,630] ⏱️ 异常值检测 本单元运行耗时：1.82 秒
[2025-04-16 17:11:47,523] 清洗记录数：0, 占比：0.00%
[2025-04-16 17:11:47,523] ⏱️ 数据清洗 本单元运行耗时：1.89 秒
[2025-04-16 17:11:47,598] ⏱️ 年龄统计 本单元运行耗时：0.08 秒
[2025-04-16 17:11:48,585] ⏱️ 收入信用评分 本单元运行耗时：0.99 秒
[2025-04-16 17:11:49,139] ⏱️ 国家统计 本单元运行耗时：0.55 秒
[2025-04-16 17:20:41,639] ⏱️ 用户画像 本单元运行耗时：532.50 秒
[2025-04-16 17:20:41,640] >>> 性别、年龄购买偏好单元开始
[2025-04-16 17:20:43,721] 各性别用户购买偏好：
[2025-04-16 17:20:43,721] purchase_category        书籍        家居        服装      电子产品        食品
gender                                                             
其他                 0.213338  0.191564  0.203655  0.180503  0.210939
女                  0.200694  0.200972  0.198390  0.202153  0.197791
未指定                0.196660  0.193723  0.219257  0.177952  0.212408
男                  0.200396  0.200900  0.198414  0.200344  0.199945
[2025-04-16 17:20:45,289] 各年龄段用户购买偏好：
[2025-04-16 17:20:45,290] purchase_category        书籍        家居        服装      电子产品        食品
age_group                                                          
青年                 0.199705  0.203133  0.196203  0.204049  0.196909
中年                 0.202776  0.200504  0.196124  0.201547  0.199048
中老年                0.198729  0.199724  0.199950  0.198927  0.202670
老年                 0.200941  0.200563  0.200582  0.199617  0.198297
[2025-04-16 17:20:47,620] 年龄+性别组合购买偏好（部分预览）：
[2025-04-16 17:20:47,621] purchase_category        书籍        家居        服装      电子产品        食品
age_group gender                                                   
青年        其他       0.259518  0.179169  0.188580  0.174589  0.198143
          女        0.197048  0.202302  0.195732  0.213543  0.191375
          未指定      0.198009  0.193070  0.217844  0.168401  0.222677
          男        0.199678  0.205480  0.196076  0.197571  0.201195
中年        其他       0.191262  0.182035  0.226978  0.193233  0.206493
[2025-04-16 17:20:48,392] ⏱️ 购买偏好分析 本单元运行耗时：6.75 秒
[2025-04-16 17:20:48,392] ✅ 文件 9 处理完成，总耗时：563.08 秒
[2025-04-16 17:20:49,585] 当前内存使用：100.74 GB
[2025-04-16 17:20:49,585] === 开始处理文件 /media/sdb/zhurongjiang/Data_mining/30G_data/part-00009.parquet ===
[2025-04-16 17:21:08,098] 缺失值行数: 0, 占比: 0.00%
[2025-04-16 17:21:08,099] ⏱️ 缺失值分析 本单元运行耗时：5.13 秒
[2025-04-16 17:21:08,675] age 异常值数量：0 占比：0.00%
[2025-04-16 17:21:09,287] income 异常值数量：0 占比：0.00%
[2025-04-16 17:21:09,874] credit_score 异常值数量：0 占比：0.00%
[2025-04-16 17:21:09,874] ⏱️ 异常值检测 本单元运行耗时：1.78 秒
[2025-04-16 17:21:11,772] 清洗记录数：0, 占比：0.00%
[2025-04-16 17:21:11,772] ⏱️ 数据清洗 本单元运行耗时：1.90 秒
[2025-04-16 17:21:11,849] ⏱️ 年龄统计 本单元运行耗时：0.08 秒
[2025-04-16 17:21:12,823] ⏱️ 收入信用评分 本单元运行耗时：0.97 秒
[2025-04-16 17:21:13,377] ⏱️ 国家统计 本单元运行耗时：0.55 秒
[2025-04-16 17:30:02,234] ⏱️ 用户画像 本单元运行耗时：528.86 秒
[2025-04-16 17:30:02,234] >>> 性别、年龄购买偏好单元开始
[2025-04-16 17:30:04,302] 各性别用户购买偏好：
[2025-04-16 17:30:04,302] purchase_category        书籍        家居        服装      电子产品        食品
gender                                                             
其他                 0.203902  0.199020  0.207262  0.204356  0.185460
女                  0.199153  0.200805  0.201627  0.199031  0.199384
未指定                0.215736  0.196073  0.206637  0.191030  0.190524
男                  0.202226  0.202309  0.196113  0.199988  0.199365
[2025-04-16 17:30:05,897] 各年龄段用户购买偏好：
[2025-04-16 17:30:05,898] purchase_category        书籍        家居        服装      电子产品        食品
age_group                                                          
青年                 0.195379  0.202729  0.202425  0.195399  0.204068
中年                 0.201764  0.200788  0.195002  0.202006  0.200441
中老年                0.202507  0.200660  0.204325  0.195157  0.197350
老年                 0.201086  0.201856  0.197949  0.201336  0.197773
[2025-04-16 17:30:08,255] 年龄+性别组合购买偏好（部分预览）：
[2025-04-16 17:30:08,255] purchase_category        书籍        家居        服装      电子产品        食品
age_group gender                                                   
青年        其他       0.201907  0.192021  0.217155  0.191832  0.197085
          女        0.196834  0.196853  0.205508  0.191655  0.209149
          未指定      0.224027  0.193934  0.193987  0.179232  0.208821
          男        0.192324  0.209612  0.198995  0.200112  0.198958
中年        其他       0.196915  0.191200  0.208437  0.223810  0.179637
[2025-04-16 17:30:08,949] ⏱️ 购买偏好分析 本单元运行耗时：6.72 秒
[2025-04-16 17:30:08,949] ✅ 文件 10 处理完成，总耗时：559.36 秒
[2025-04-16 17:30:10,177] 当前内存使用：99.47 GB
[2025-04-16 17:30:10,178] === 开始处理文件 /media/sdb/zhurongjiang/Data_mining/30G_data/part-00010.parquet ===
[2025-04-16 17:30:29,204] 缺失值行数: 0, 占比: 0.00%
[2025-04-16 17:30:29,205] ⏱️ 缺失值分析 本单元运行耗时：5.24 秒
[2025-04-16 17:30:29,834] age 异常值数量：0 占比：0.00%
[2025-04-16 17:30:30,481] income 异常值数量：0 占比：0.00%
[2025-04-16 17:30:31,060] credit_score 异常值数量：0 占比：0.00%
[2025-04-16 17:30:31,060] ⏱️ 异常值检测 本单元运行耗时：1.86 秒
[2025-04-16 17:30:32,924] 清洗记录数：0, 占比：0.00%
[2025-04-16 17:30:32,924] ⏱️ 数据清洗 本单元运行耗时：1.86 秒
[2025-04-16 17:30:33,001] ⏱️ 年龄统计 本单元运行耗时：0.08 秒
[2025-04-16 17:30:34,005] ⏱️ 收入信用评分 本单元运行耗时：1.00 秒
[2025-04-16 17:30:34,559] ⏱️ 国家统计 本单元运行耗时：0.55 秒
[2025-04-16 17:39:26,475] ⏱️ 用户画像 本单元运行耗时：531.92 秒
[2025-04-16 17:39:26,475] >>> 性别、年龄购买偏好单元开始
[2025-04-16 17:39:28,641] 各性别用户购买偏好：
[2025-04-16 17:39:28,642] purchase_category        书籍        家居        服装      电子产品        食品
gender                                                             
其他                 0.183433  0.196316  0.211723  0.201934  0.206594
女                  0.202838  0.199786  0.199946  0.196998  0.200432
未指定                0.194024  0.211960  0.183501  0.215003  0.195512
男                  0.197736  0.199752  0.203142  0.200483  0.198887
[2025-04-16 17:39:30,274] 各年龄段用户购买偏好：
[2025-04-16 17:39:30,274] purchase_category        书籍        家居        服装      电子产品        食品
age_group                                                          
青年                 0.197356  0.204434  0.196226  0.206887  0.195097
中年                 0.200251  0.198191  0.203248  0.202245  0.196064
中老年                0.199382  0.199324  0.201300  0.197650  0.202344
老年                 0.200432  0.200267  0.201547  0.196403  0.201351
[2025-04-16 17:39:32,758] 年龄+性别组合购买偏好（部分预览）：
[2025-04-16 17:39:32,759] purchase_category        书籍        家居        服装      电子产品        食品
age_group gender                                                   
青年        其他       0.157358  0.169997  0.276601  0.207174  0.188870
          女        0.201487  0.212318  0.190582  0.205433  0.190180
          未指定      0.191629  0.200902  0.210201  0.219674  0.177594
          男        0.194701  0.197563  0.198670  0.207797  0.201267
中年        其他       0.169166  0.215681  0.209265  0.221950  0.183938
[2025-04-16 17:39:33,488] ⏱️ 购买偏好分析 本单元运行耗时：7.01 秒
[2025-04-16 17:39:33,488] ✅ 文件 11 处理完成，总耗时：563.31 秒
[2025-04-16 17:39:34,701] 当前内存使用：170.24 GB
[2025-04-16 17:39:34,701] === 开始处理文件 /media/sdb/zhurongjiang/Data_mining/30G_data/part-00011.parquet ===
[2025-04-16 17:39:55,626] 缺失值行数: 0, 占比: 0.00%
[2025-04-16 17:39:55,626] ⏱️ 缺失值分析 本单元运行耗时：5.27 秒
[2025-04-16 17:39:56,192] age 异常值数量：0 占比：0.00%
[2025-04-16 17:39:56,826] income 异常值数量：0 占比：0.00%
[2025-04-16 17:39:57,450] credit_score 异常值数量：0 占比：0.00%
[2025-04-16 17:39:57,450] ⏱️ 异常值检测 本单元运行耗时：1.82 秒
[2025-04-16 17:39:59,325] 清洗记录数：0, 占比：0.00%
[2025-04-16 17:39:59,326] ⏱️ 数据清洗 本单元运行耗时：1.88 秒
[2025-04-16 17:39:59,402] ⏱️ 年龄统计 本单元运行耗时：0.08 秒
[2025-04-16 17:40:00,415] ⏱️ 收入信用评分 本单元运行耗时：1.01 秒
[2025-04-16 17:40:00,968] ⏱️ 国家统计 本单元运行耗时：0.55 秒
[2025-04-16 17:48:53,257] ⏱️ 用户画像 本单元运行耗时：532.29 秒
[2025-04-16 17:48:53,257] >>> 性别、年龄购买偏好单元开始
[2025-04-16 17:48:55,266] 各性别用户购买偏好：
[2025-04-16 17:48:55,267] purchase_category        书籍        家居        服装      电子产品        食品
gender                                                             
其他                 0.209523  0.192782  0.211065  0.192812  0.193818
女                  0.194513  0.198365  0.204546  0.199240  0.203336
未指定                0.197294  0.213942  0.197768  0.201293  0.189703
男                  0.198065  0.203217  0.198422  0.201186  0.199111
[2025-04-16 17:48:56,780] 各年龄段用户购买偏好：
[2025-04-16 17:48:56,780] purchase_category        书籍        家居        服装      电子产品        食品
age_group                                                          
青年                 0.194424  0.200711  0.200701  0.199754  0.204410
中年                 0.196563  0.197298  0.204217  0.202121  0.199802
中老年                0.193529  0.198800  0.202644  0.201827  0.203200
老年                 0.198796  0.204176  0.199722  0.198013  0.199293
[2025-04-16 17:48:59,133] 年龄+性别组合购买偏好（部分预览）：
[2025-04-16 17:48:59,133] purchase_category        书籍        家居        服装      电子产品        食品
age_group gender                                                   
青年        其他       0.211519  0.195876  0.185430  0.185759  0.221416
          女        0.191037  0.204886  0.195190  0.199029  0.209858
          未指定      0.219014  0.223897  0.203912  0.203886  0.149291
          男        0.196007  0.195775  0.206661  0.200877  0.200679
中年        其他       0.220860  0.186750  0.189062  0.188821  0.214507
[2025-04-16 17:48:59,890] ⏱️ 购买偏好分析 本单元运行耗时：6.63 秒
[2025-04-16 17:48:59,890] ✅ 文件 12 处理完成，总耗时：565.19 秒
[2025-04-16 17:49:01,110] 当前内存使用：80.04 GB
[2025-04-16 17:49:01,110] === 开始处理文件 /media/sdb/zhurongjiang/Data_mining/30G_data/part-00012.parquet ===
[2025-04-16 17:49:16,966] 缺失值行数: 0, 占比: 0.00%
[2025-04-16 17:49:16,967] ⏱️ 缺失值分析 本单元运行耗时：5.05 秒
[2025-04-16 17:49:17,578] age 异常值数量：0 占比：0.00%
[2025-04-16 17:49:18,259] income 异常值数量：0 占比：0.00%
[2025-04-16 17:49:18,839] credit_score 异常值数量：0 占比：0.00%
[2025-04-16 17:49:18,839] ⏱️ 异常值检测 本单元运行耗时：1.87 秒
[2025-04-16 17:49:20,730] 清洗记录数：0, 占比：0.00%
[2025-04-16 17:49:20,730] ⏱️ 数据清洗 本单元运行耗时：1.89 秒
[2025-04-16 17:49:20,806] ⏱️ 年龄统计 本单元运行耗时：0.08 秒
[2025-04-16 17:49:21,799] ⏱️ 收入信用评分 本单元运行耗时：0.99 秒
[2025-04-16 17:49:22,353] ⏱️ 国家统计 本单元运行耗时：0.55 秒
[2025-04-16 17:58:13,446] ⏱️ 用户画像 本单元运行耗时：531.09 秒
[2025-04-16 17:58:13,446] >>> 性别、年龄购买偏好单元开始
[2025-04-16 17:58:15,556] 各性别用户购买偏好：
[2025-04-16 17:58:15,556] purchase_category        书籍        家居        服装      电子产品        食品
gender                                                             
其他                 0.218575  0.174106  0.198511  0.198060  0.210749
女                  0.200818  0.200112  0.199654  0.200149  0.199266
未指定                0.197554  0.194661  0.199995  0.204869  0.202921
男                  0.200539  0.202109  0.202436  0.198570  0.196346
[2025-04-16 17:58:17,142] 各年龄段用户购买偏好：
[2025-04-16 17:58:17,142] purchase_category        书籍        家居        服装      电子产品        食品
age_group                                                          
青年                 0.190357  0.205243  0.200509  0.199147  0.204745
中年                 0.198181  0.199610  0.201905  0.199670  0.200633
中老年                0.204433  0.198091  0.200966  0.200233  0.196276
老年                 0.203012  0.201122  0.200540  0.198941  0.196385
[2025-04-16 17:58:19,519] 年龄+性别组合购买偏好（部分预览）：
[2025-04-16 17:58:19,519] purchase_category        书籍        家居        服装      电子产品        食品
age_group gender                                                   
青年        其他       0.188324  0.145229  0.225714  0.231104  0.209628
          女        0.191389  0.208601  0.198136  0.197049  0.204826
          未指定      0.116084  0.241471  0.217352  0.198078  0.227015
          男        0.192770  0.202516  0.201195  0.200088  0.203432
中年        其他       0.234287  0.179968  0.179857  0.186260  0.219628
[2025-04-16 17:58:20,209] ⏱️ 购买偏好分析 本单元运行耗时：6.76 秒
[2025-04-16 17:58:20,209] ✅ 文件 13 处理完成，总耗时：559.10 秒
[2025-04-16 17:58:21,415] 当前内存使用：103.42 GB
[2025-04-16 17:58:21,415] === 开始处理文件 /media/sdb/zhurongjiang/Data_mining/30G_data/part-00013.parquet ===
[2025-04-16 17:58:40,021] 缺失值行数: 0, 占比: 0.00%
