age_group,income_level,gender,书籍,家居,服装,电子产品,食品,total
青年,低收入,其他,0.219028576189286,0.1408814463050904,0.2651837040739815,0.23435807714737983,0.14054819628426227,1.0
青年,低收入,女,0.1938678445791926,0.20168869487614968,0.19915669026873148,0.1964551935496145,0.20883157672631175,1.0
青年,低收入,未指定,0.18059125964010284,0.1089974293059126,0.180719794344473,0.26497429305912595,0.2647172236503856,1.0
青年,低收入,男,0.22242314012443645,0.20602940969930197,0.19362789848457185,0.1882733388576003,0.18964621283408942,1.0
青年,中收入,其他,0.1835690968443961,0.24483133841131666,0.1838955386289445,0.1633297062023939,0.22437431991294884,1.0
青年,中收入,女,0.1844727882730162,0.19642414762069918,0.2228926748819728,0.2063865629490165,0.18982382627529534,1.0
青年,中收入,未指定,0.21677327647476902,0.1665778251599147,0.24973347547974414,0.20024875621890548,0.16666666666666666,1.0
青年,中收入,男,0.18627171745941326,0.2046459426835388,0.20218090084225088,0.20348971260392507,0.20341172641087196,1.0
青年,高收入,其他,0.21413864104323954,0.1854648059177915,0.1435979562266453,0.21406238084343782,0.24273621596888584,1.0
青年,高收入,女,0.1932043525115451,0.20584568920959553,0.2007344272042106,0.21905119031934409,0.18116434075530466,1.0
青年,高收入,未指定,0.17331910352187835,0.25336179295624334,0.21323372465314835,0.1336179295624333,0.2264674493062967,1.0
青年,高收入,男,0.2034863073820197,0.19095288828137041,0.19599841866511214,0.20231705764501712,0.20724532802648066,1.0
中年,低收入,其他,0.15356723898901567,0.21975756283104048,0.20006398634957875,0.206924744943301,0.21968646688706409,1.0
中年,低收入,女,0.20374675896651415,0.19698718497430645,0.1957197648507675,0.19465253635894222,0.2088937548494697,1.0
中年,低收入,未指定,0.19995472479141066,0.17599120367375978,0.21208201280641614,0.18782743677640515,0.22414462195200827,1.0
中年,低收入,男,0.20122268237150182,0.20450210790661497,0.1947493335650169,0.2032443971883546,0.19628147896851172,1.0
中年,中收入,其他,0.12905224034689242,0.1551035859315851,0.24519925665909562,0.2513249363342281,0.21931998072819878,1.0
中年,中收入,女,0.20111658428642887,0.2048173363063697,0.1982028956017714,0.19134399896000248,0.20451918484542755,1.0
中年,中收入,未指定,0.2242546498905908,0.1858246717724289,0.19252598468271334,0.23697346827133478,0.16042122538293216,1.0
中年,中收入,男,0.21185195930875658,0.1872980049127437,0.2008966245461431,0.19934134083589175,0.20061207039646484,1.0
中年,高收入,其他,0.18933426280934124,0.21575461833391427,0.20902753572673405,0.22896479609620077,0.15691878703380968,1.0
中年,高收入,女,0.20110473497449546,0.20868817919716123,0.19700876025726324,0.201916999334664,0.19128132623641605,1.0
中年,高收入,未指定,0.20165493097823925,0.18637864502526158,0.25364999801090027,0.18661733699327684,0.17169908899232209,1.0
中年,高收入,男,0.209428845615467,0.1852076766759475,0.19511760289818333,0.1974436150965156,0.21280225971388658,1.0
中老年,低收入,其他,0.18858810506188992,0.17003790547113481,0.2011002650028513,0.19496159135889438,0.24531213310522962,1.0
中老年,低收入,女,0.2064206247016102,0.19830008246408473,0.20348663937153688,0.19969763168935634,0.19209502177341184,1.0
中老年,低收入,未指定,0.17220656639391574,0.1911520048891454,0.22948426306318542,0.18449733473669916,0.2226598309170543,1.0
中老年,低收入,男,0.1998204796584977,0.19366825413020877,0.206536636213472,0.20348809953865202,0.19648653045916947,1.0
中老年,中收入,其他,0.16303956834532374,0.2582434052757794,0.21345923261390887,0.163189448441247,0.20206834532374102,1.0
中老年,中收入,女,0.200261936435111,0.20051591044190104,0.19566843899338432,0.20152768797165377,0.20202602615794987,1.0
中老年,中收入,未指定,0.24655542477324655,0.24025479471024025,0.18174894412518175,0.14301045489164302,0.18843038149968844,1.0
中老年,中收入,男,0.19641838399751457,0.19561556533418015,0.2022869334389095,0.207978147935835,0.19770096929356082,1.0
中老年,高收入,其他,0.1521713954834974,0.20285659139162324,0.2175255742134723,0.15973750241266166,0.26770893649874544,1.0
中老年,高收入,女,0.18967217085298266,0.19561327273504395,0.20680590975793928,0.2019418997278776,0.20596674692615652,1.0
中老年,高收入,未指定,0.18861828268357364,0.2458316822629317,0.17730972048648155,0.21696589142561037,0.17127442314140276,1.0
中老年,高收入,男,0.2086863093516261,0.208859870242572,0.1882846398611513,0.1968166728652699,0.1973525076793807,1.0
老年,低收入,其他,0.17649880980938498,0.19718413817282676,0.20425147159227205,0.2247522742789659,0.1973133061465503,1.0
老年,低收入,女,0.19920691308482644,0.20396986522902522,0.19613552102107568,0.20174741795775372,0.19894028270731898,1.0
老年,低收入,未指定,0.19564335002029495,0.1812049403714943,0.21369619421303904,0.24630341921642152,0.1631520961787502,1.0
老年,低收入,男,0.20397727009662678,0.20223872880453486,0.19734488554024418,0.20268860433639888,0.1937505112221953,1.0
老年,中收入,其他,0.1455456780783053,0.20934367316058256,0.2268205031208625,0.21967089086438435,0.19861925477586534,1.0
老年,中收入,女,0.20070704566475642,0.2024464511043516,0.1978408805571183,0.19845352632867055,0.20055209634510313,1.0
老年,中收入,未指定,0.18336777686996364,0.20417808109450344,0.267137662004774,0.18017974720046137,0.1651367328302975,1.0
老年,中收入,男,0.20088104696448134,0.1908269756308647,0.19897159208305232,0.20304779874704207,0.20627258657455957,1.0
老年,高收入,其他,0.19126990352184486,0.22782178994430935,0.1837399011687191,0.21329123852851203,0.18387716683661465,1.0
老年,高收入,女,0.19535291482792402,0.19914950085473088,0.2062524302541996,0.19851953105974654,0.20072562300339897,1.0
老年,高收入,未指定,0.2529297037790261,0.2062211405424328,0.18441714314290952,0.17521545616696393,0.1812165563686676,1.0
老年,高收入,男,0.2008201081378758,0.2006221995544319,0.19759255550827304,0.1993009837542867,0.20166415304513255,1.0
