age_group,income_level,gender,书籍,家居,服装,电子产品,食品,total
青年,低收入,其他,0.2057877813504823,0.2052762350190003,0.1644986845951476,0.1919760304004677,0.23246126863490207,1.0
青年,低收入,女,0.19526645833770265,0.1907188747439581,0.20777668253602063,0.20180994526121515,0.20442803912110344,1.0
青年,低收入,未指定,0.2541146681135829,0.22047386507505878,0.20329173449086635,0.1695604991861096,0.15255923313438235,1.0
青年,低收入,男,0.20154598236292928,0.19835542531631703,0.19963917949279728,0.18807169852659253,0.21238771430136386,1.0
青年,中收入,其他,0.27516622854492034,0.14519870109788155,0.20256687799597958,0.15957940312355035,0.21748878923766815,1.0
青年,中收入,女,0.18747578826778094,0.2054479294623257,0.1961771123391265,0.19307138860285475,0.2178277813279121,1.0
青年,中收入,未指定,0.23678854656467122,0.17138044775071934,0.24977191381851357,0.223594638220226,0.11846445364586988,1.0
青年,中收入,男,0.18825943858216213,0.19662083357847632,0.2127968104877365,0.2134474488400987,0.18887546851152634,1.0
青年,高收入,其他,0.1351849953879266,0.24987188685046632,0.19206723378087526,0.2117454135492467,0.21113047043148508,1.0
青年,高收入,女,0.19055219100253273,0.2188768837794118,0.18114185043611092,0.20264656821596227,0.20678250656598227,1.0
青年,高收入,未指定,0.16716514428906312,0.2874464473365128,0.15164497615390835,0.21186646188667044,0.18187697033384528,1.0
青年,高收入,男,0.19813033621806816,0.19236200629831873,0.2076120071531394,0.2012487220430898,0.20064692828738387,1.0
中年,低收入,其他,0.24627174035535856,0.16209007926073402,0.2254611021374103,0.18308853912324857,0.18308853912324857,1.0
中年,低收入,女,0.20088194159691072,0.18822577594431122,0.21017491105340108,0.19908851308346828,0.2016288583219087,1.0
中年,低收入,未指定,0.19022076860179885,0.23316434995911692,0.2328699918233851,0.17795584627964023,0.16578904333605887,1.0
中年,低收入,男,0.1936114363943904,0.20258501207790958,0.19598459005821156,0.21396568402830812,0.1938532774411803,1.0
中年,中收入,其他,0.23499686345577472,0.18962152366348364,0.18997002857740294,0.17644803791733463,0.20896354638600403,1.0
中年,中收入,女,0.19754165669661308,0.19706717278284136,0.19706173457179527,0.203391812229449,0.2049376237193013,1.0
中年,中收入,未指定,0.17358116955702468,0.22145571843760978,0.20382613139152375,0.2154833764491712,0.18565360416467055,1.0
中年,中收入,男,0.20798243249498324,0.19760720343944085,0.20192420269611647,0.19830151741638963,0.1941846439530698,1.0
中年,高收入,其他,0.18709435846230654,0.20466175736395406,0.1580129805292062,0.20466175736395406,0.24556914628057913,1.0
中年,高收入,女,0.18584598501115623,0.20630516882746033,0.21021195468072418,0.19369035187668499,0.20394653960397424,1.0
中年,高收入,未指定,0.1616487340761789,0.23929631876376872,0.17387695156604197,0.21547843300022348,0.20969956259378691,1.0
中年,高收入,男,0.1929050758518618,0.1890213820399834,0.21203622725285076,0.2060151703723637,0.20002214448294034,1.0
中老年,低收入,其他,0.2557050725536401,0.18036090785067593,0.16271859109512588,0.19198809376162718,0.20922733473893093,1.0
中老年,低收入,女,0.19267577449780168,0.201317232618454,0.20558237652299938,0.19044423385352904,0.2099803825072159,1.0
中老年,低收入,未指定,0.21673443503562503,0.25888760398403404,0.20953482299399412,0.16096541947998658,0.15387771850636028,1.0
中老年,低收入,男,0.2009351942199954,0.19891926412384472,0.19219995395292233,0.2045189176744033,0.20342667002883424,1.0
中老年,中收入,其他,0.19265873799834052,0.15555731162827452,0.2519261922636216,0.18523055039709194,0.21462720771267138,1.0
中老年,中收入,女,0.19276309969938685,0.1911849157061601,0.2030170834205032,0.2032571808073731,0.20977772036657677,1.0
中老年,中收入,未指定,0.1925344462109168,0.1742845786963434,0.16759406465288818,0.2916335453100159,0.17395336512983572,1.0
中老年,中收入,男,0.18711878367711157,0.19741908913065861,0.19332944366269691,0.20693551154888973,0.21519717198064317,1.0
中老年,高收入,其他,0.22449570105820105,0.1552579365079365,0.3178323412698413,0.17063492063492064,0.13177910052910052,1.0
中老年,高收入,女,0.1895120596006214,0.20403659269506844,0.20753484073616293,0.20407061131459286,0.19484589565355437,1.0
中老年,高收入,未指定,0.16349752391033154,0.24095565720334178,0.17026424224095565,0.27611235020602576,0.14917022643934524,1.0
中老年,高收入,男,0.19454264115445702,0.2009079692708298,0.21287789449288008,0.19913020361142733,0.1925412914704058,1.0
老年,低收入,其他,0.21850820179510988,0.23531232362954466,0.19795364756859105,0.19464015875616728,0.15358566825058714,1.0
老年,低收入,女,0.20030555286318763,0.19261588525322118,0.19682259978930677,0.21077427381540667,0.19948168827887777,1.0
老年,低收入,未指定,0.20755666492209832,0.23386609766898828,0.18485043681307622,0.15493779942831837,0.21878900116751882,1.0
老年,低收入,男,0.20268589602718257,0.20498813862076348,0.19455962365578414,0.1994007729417267,0.19836556875454311,1.0
老年,中收入,其他,0.22830462083400418,0.16104044795076836,0.21123812590565128,0.2045474874326911,0.1948693178768851,1.0
老年,中收入,女,0.19176538357543957,0.19896939939104435,0.20762017469268118,0.1968110160624787,0.2048340262783562,1.0
老年,中收入,未指定,0.21708840767907908,0.1842206857824729,0.22361632681711296,0.16790088793738814,0.20717369178394693,1.0
老年,中收入,男,0.2016911172297584,0.20528382034242001,0.19868705361504738,0.19987474392179663,0.19446326489097757,1.0
老年,高收入,其他,0.1338377201216536,0.23226823865129725,0.23936469793113807,0.20414523335711335,0.19038410993879773,1.0
老年,高收入,女,0.19819035774105648,0.20022780680482988,0.21196110722231945,0.19142646433839153,0.19819426389340267,1.0
老年,高收入,未指定,0.19997234950229104,0.174237636277453,0.19274371938694895,0.2073589824616843,0.22568731237162268,1.0
老年,高收入,男,0.19770289002527752,0.2229959501593921,0.18627247700366156,0.19236937031385293,0.20065931249781588,1.0
